199,-916,104,16220,212,-270,-5
724,-764,104,15932,148,125,34
1222,-716,148,15940,132,144,14
1720,-720,192,16148,129,326,3
2217,-672,156,16040,153,133,15
2715,-572,80,16092,135,106,-9
3214,-780,124,16052,123,216,5
3712,-716,64,16192,151,205,19
4209,-536,188,16000,151,70,2
4707,-632,84,16028,136,172,41
5204,-616,108,16104,158,104,-13
5702,-532,72,16028,125,337,1
6201,-616,156,15968,139,145,3
6699,-700,164,16040,105,222,14
7196,-424,528,16308,76,609,-45
7694,-520,84,15956,138,293,32
8192,-548,132,16060,177,18,25
8694,-600,80,16140,156,154,2
9192,-584,96,16060,141,155,21
9690,-400,40,16056,134,146,16
10188,-496,-56,16016,154,111,7
10686,-484,88,16296,121,133,-7
11184,-444,68,16244,161,168,7
11681,-532,84,16000,167,137,0
12179,-564,140,16088,150,177,13
12677,-308,148,16180,151,148,13
13175,-556,100,16096,149,149,-6
13673,-452,44,16184,165,137,0
14171,-584,36,16132,150,169,-18
14668,-412,156,16016,156,140,6
15166,-520,112,16204,164,149,-3
15665,-544,96,16176,146,143,21
16162,-456,60,16280,129,150,13
16663,-616,84,16112,150,143,3
17162,-408,144,16108,150,150,11
17659,-396,92,16188,181,138,-12
18157,-524,132,16072,161,158,30
18655,-544,92,16256,153,152,14
19152,-500,156,16080,156,160,9
19651,-496,68,16056,155,165,12
20149,-576,28,16028,152,155,-6
20646,-532,24,16020,131,166,7
21144,-496,76,15992,143,147,25
21642,-504,232,16116,130,165,10
22139,-636,120,16220,148,148,-12
22638,-532,124,16060,159,134,18
23136,-404,44,15984,137,157,5
23633,-432,80,16184,131,147,20
24131,-504,116,15960,165,153,2
24633,-580,88,16168,133,179,-8
25131,-440,68,16072,142,143,9
25628,-532,40,15996,161,152,28
26126,-520,56,16120,133,154,0
26624,-556,96,16132,144,149,7
27122,-608,8,16132,140,159,0
27620,-532,36,16124,144,179,41
28118,-580,32,16036,155,170,4
28615,-452,128,16068,138,160,2
29113,-524,24,16024,174,141,24
29611,-536,44,16192,162,156,-1
30109,-584,36,16164,133,149,8
30607,-432,192,16084,141,153,-4
31105,-536,104,16020,139,158,21
31602,-464,164,16244,149,155,12
32100,-464,132,16032,144,143,11
32602,-540,120,16056,142,144,15
33099,-432,108,16116,146,144,36
33597,-544,188,16104,169,160,21
34096,-524,192,16052,128,160,17
34593,-528,128,16132,130,173,6
35091,-568,44,16032,149,174,19
35589,-468,144,16192,144,142,19
36086,-472,52,16180,133,158,1
36585,-440,24,15916,151,161,22
37083,-424,140,16068,154,142,10
37580,-528,24,16268,149,144,20
38078,-516,76,16024,130,151,4
38576,-512,92,16100,148,157,8
39073,-548,72,16024,134,156,6
39572,-480,180,16040,157,154,10
40070,-404,96,16092,149,167,4
40570,-516,148,16036,133,178,28
41069,-476,72,16148,158,156,5
41567,-572,56,16124,142,172,-1
42064,-580,144,15984,131,141,-13
42562,-536,128,16008,151,175,-9
43060,-472,96,16048,132,160,-4
43557,-552,76,16144,132,160,-23
44056,-584,140,15996,138,133,2
44554,-628,72,16044,136,134,21
45051,-576,128,16152,143,139,17
45549,-592,104,16068,144,141,5
46047,-560,124,15992,151,158,12
46545,-628,-36,16104,143,138,18
47043,-664,108,16156,144,167,12
47541,-464,88,16044,156,131,12
48038,-524,116,16100,149,148,-2
48540,-524,128,16116,162,184,23
49038,-540,112,16072,143,149,14
49536,-504,88,16176,158,157,-5
50033,-512,28,16076,152,170,6
50531,-512,44,16160,142,149,37
51030,-420,12,16116,139,162,1
51527,-460,112,16328,131,164,21
52025,-576,64,16180,139,134,39
52523,-532,56,15992,130,140,16
53020,-512,156,16012,156,146,9
53519,-500,100,16084,151,140,22
54017,-544,152,16072,154,164,7
54514,-520,120,16168,142,138,-10
55012,-388,164,16116,165,167,27
55510,-520,232,16116,145,161,33
56020,-524,68,16120,146,142,30
56518,-504,20,16092,155,171,14
57016,-528,36,16048,140,163,11
57513,-560,36,16180,155,153,19
58012,-488,148,16080,155,143,34
58510,-580,124,16164,172,165,-3
59008,-636,60,16052,167,143,10
59505,-516,92,16072,144,145,4
60003,-648,120,16048,143,141,29
60560,-512,140,16096,143,128,24
61060,-500,80,16120,153,166,18
61557,-456,140,16100,141,153,5
62056,-588,88,16068,153,149,5
62554,-520,52,16160,146,152,32
63051,-480,-8,16120,143,154,27
63549,-492,32,15896,147,146,15
64051,-516,12,16096,140,178,-4
64548,-424,132,16116,167,146,14
65046,-468,188,16180,142,140,-9
65544,-404,124,16128,148,146,10
66041,-400,184,16024,149,151,11
66540,-476,92,16180,160,160,9
67038,-492,124,16068,128,156,15
67535,-508,112,16184,147,139,15
68033,-536,128,16220,158,142,-5
68531,-508,104,16116,124,166,3
69029,-492,52,16220,144,148,18
69527,-508,60,16004,162,152,31
70025,-552,136,16204,144,138,2
70522,-552,120,16212,127,161,11
71020,-480,120,15972,146,160,33
71519,-584,136,16068,142,175,24
72019,-508,124,16060,131,152,25
72517,-532,92,16132,159,159,6
73016,-468,148,16004,156,152,4
73513,-532,8,16108,156,149,-4
74011,-456,100,15952,138,144,3
74509,-552,160,16084,147,172,3
75006,-444,24,16128,156,153,19
75504,-528,120,16092,149,141,7
76003,-500,96,16116,150,159,6
76500,-428,68,16080,131,141,-6
76998,-560,152,15968,134,149,14
77496,-436,-8,16124,155,149,21
77993,-520,88,16112,138,155,35
78491,-500,68,16148,136,133,12
78990,-388,84,16112,161,146,15
79488,-456,104,16232,149,150,2
79988,-408,68,16096,162,131,19
80487,-492,52,16096,168,137,12
80985,-508,88,16212,141,149,-6
81482,-508,92,16244,159,142,17
81980,-580,92,16124,134,147,19
82478,-536,140,16144,126,154,21
82975,-380,80,16188,130,164,0
83474,-448,80,16180,147,133,27
83972,-428,-8,16084,135,154,4
84469,-432,140,16176,147,144,31
84967,-504,48,16132,129,165,11
85465,-496,92,16240,142,156,31
85963,-444,200,16228,141,163,26
86461,-380,84,16064,144,141,7
86959,-504,72,16168,135,160,19
87456,-412,148,15960,145,153,33
87958,-508,100,16048,127,142,29
88456,-580,88,16076,153,143,21
88953,-472,88,16084,131,182,22
89451,-580,80,16048,146,165,12
89949,-492,48,16028,153,161,25
90447,-460,192,16140,154,141,-19
90945,-452,108,16076,153,150,-10
91443,-528,112,16180,151,147,17
91940,-624,104,16116,140,159,-2
92438,-532,56,16108,151,130,24
92937,-444,60,16036,144,132,15
93434,-508,140,16080,147,166,2
93932,-492,-44,16132,153,155,20
94430,-484,184,16032,158,153,-17
94927,-492,112,16196,148,152,16
95426,-488,176,16068,151,156,-5
95927,-620,80,16192,153,139,9
96424,-608,132,16084,144,164,31
96923,-684,184,16136,134,161,14
97421,-656,28,16132,138,139,-1
97918,-536,192,16204,159,158,18
98416,-532,104,16168,155,157,15
98914,-528,128,16184,130,152,19
99412,-652,112,16028,158,169,16
99910,-612,92,16176,147,153,1
100408,-432,64,15972,154,151,9
100905,-564,96,16044,149,167,9
101403,-488,120,16108,140,143,-2
101901,-568,136,16092,149,161,13
102400,-632,-76,16272,149,114,-15
102897,-364,292,16080,140,118,9
103399,-612,88,16224,150,159,16
103897,-544,16,16112,166,157,11
104394,-608,56,16084,141,168,23
104892,-476,96,15924,122,145,26
105390,-600,28,16108,133,164,10
105888,-600,108,16200,164,148,-11
106386,-532,68,16104,157,150,-13
106884,-484,72,16116,132,141,9
107381,-488,36,16176,146,131,23
107879,-472,92,16060,153,142,40
108378,-528,140,16108,148,162,21
108875,-516,92,16064,157,170,7
109373,-576,176,16020,159,154,28
109871,-612,192,16200,146,137,9
110368,-476,144,16044,177,152,23
110867,-476,96,16156,149,169,32
111368,-432,108,16088,158,148,22
111865,-400,56,16164,150,135,20
112364,-592,124,16308,152,139,6
112862,-536,120,16192,155,163,25
113359,-456,88,15928,167,150,1
113857,-464,252,16064,156,169,0
114355,-496,96,16064,153,161,15
114853,-484,44,16148,137,147,0
115351,-352,144,16056,148,154,18
115849,-492,96,16176,162,143,31
116346,-440,144,16148,163,147,6
116844,-384,172,16240,146,156,12
117343,-612,156,16136,146,154,3
117840,-532,120,16216,156,143,9
118338,-452,144,16072,152,175,32
118840,-460,-8,16172,132,161,5
119337,-504,108,16084,152,139,-7
119835,-452,192,16184,151,142,27
120333,-540,136,16088,149,154,17
120841,-492,132,16156,149,165,22
121340,-468,24,16180,152,140,40
121839,-452,48,16244,157,158,7
122337,-460,104,16200,127,149,16
122834,-508,80,16048,161,165,17
123332,-464,152,16284,154,145,4
123830,-504,136,16036,135,143,6
124328,-500,152,16212,155,148,-1
124826,-448,116,16224,159,173,27
125324,-416,124,16120,149,151,20
125821,-544,112,16212,137,158,27
126323,-564,56,16192,166,170,16
126821,-456,76,16244,167,166,20
127319,-416,176,16140,138,172,12
127817,-496,116,16088,166,124,12
128315,-524,56,16088,145,149,-1
128813,-508,128,16084,135,165,13
129310,-496,140,16132,150,159,0
129808,-472,136,16128,142,171,13
130307,-496,124,16168,147,166,38
130804,-208,92,16456,135,168,-11
131302,-864,12,16112,149,131,-4
131800,-252,216,15868,139,178,-4
132297,-1340,-52,16204,208,223,35
132796,-468,376,16064,132,119,55
133294,-860,-52,16116,184,188,-11
133791,-292,324,16224,137,139,-22
134293,-680,-28,16204,161,152,20
134791,-420,220,16168,139,150,4
135288,-680,36,16136,158,152,16
135786,-484,152,16040,138,151,13
136285,-612,48,16148,161,138,11
136782,-540,196,16052,148,160,-2
137280,-620,40,16180,147,158,32
137778,-480,156,16284,155,165,2
138276,-600,16,16148,159,145,37
138774,-456,172,16136,149,159,0
139272,-640,60,16140,136,162,-12
139769,-336,160,16152,155,156,29
140267,-548,160,16104,154,164,12
140766,-432,148,16212,137,177,6
141263,-520,72,16132,162,153,6
141764,-616,112,16064,163,182,6
142263,-620,112,16128,149,141,5
142760,-480,216,16228,131,150,11
143258,-528,104,16080,148,135,-4
143756,-560,152,16216,117,165,-7
144253,-544,92,16160,157,166,2
144752,-440,220,16136,146,156,15
145250,-580,72,15984,158,159,17
145747,-532,40,16108,153,146,25
146245,-460,96,16224,146,176,13
146743,-572,120,16196,145,126,19
147241,-412,40,16236,142,157,3
147739,-536,152,16252,158,163,26
148237,-636,152,16160,131,148,17
148734,-516,76,16104,132,148,24
149236,-648,184,16208,163,132,14
149734,-516,84,16144,139,136,-6
150232,-604,16,16152,149,138,22
150730,-492,60,16196,145,149,-2
151228,-604,36,16180,127,143,16
151726,-504,40,16180,146,159,29
152223,-536,80,16196,166,146,5
152721,-544,72,16068,154,157,24
153220,-576,84,16104,139,148,-2
153717,-572,112,16276,140,167,3
154215,-544,12,16152,140,161,14
154713,-464,92,16320,160,168,6
155210,-464,112,16156,146,152,19
155709,-536,144,16172,151,159,14
156207,-476,108,16028,141,154,8
156704,-456,160,16184,132,169,-2
157210,-568,44,16220,158,172,25
157708,-588,224,16152,142,119,23
158205,-496,200,16060,143,158,8
158704,-496,176,16168,143,157,21
159202,-564,-28,16164,160,153,7
159699,-528,88,16112,140,160,13
160197,-416,224,16248,151,143,24
160695,-464,92,16164,149,153,43
161193,-540,100,16204,161,137,19
161691,-508,72,16100,172,156,14
162189,-488,100,16104,134,151,9
162686,-652,136,16036,159,139,16
163184,-596,36,16136,153,151,31
163683,-664,52,16116,150,154,26
164180,-552,84,16188,151,187,19
164683,-616,72,16160,134,161,0
165181,-604,216,16264,146,163,-4
165679,-484,148,16340,146,134,-1
166176,-448,216,16088,150,158,9
166674,-508,60,16088,151,141,-7
167173,-472,116,16180,140,149,22
167670,-532,24,16148,144,156,31
168168,-512,116,16220,140,151,19
168666,-500,100,16148,143,149,0
169163,-460,-16,16232,151,167,20
169662,-632,40,16192,141,143,31
170160,-604,152,16228,159,141,4
170657,-564,80,16116,155,163,16
171155,-552,52,16072,168,164,27
171653,-616,92,16128,156,161,29
172154,-660,36,16128,151,143,13
172652,-540,112,16116,147,154,10
173150,-544,20,16168,129,170,2
173648,-572,48,16160,145,155,24
174146,-504,68,16020,156,162,36
174644,-436,220,16168,142,147,20
175141,-380,116,16236,139,164,32
175640,-484,196,16248,139,148,31
176138,-520,160,16120,141,144,9
176635,-428,128,16152,144,144,13
177133,-528,208,16016,161,151,26
177631,-512,20,15972,138,137,18
178129,-556,96,16168,137,149,3
178627,-484,96,16052,152,154,21
179125,-484,100,16188,142,151,12
179622,-584,196,16064,162,142,20
180124,-560,4,16072,147,143,17
180622,-412,160,16044,151,169,9
181130,-480,108,16148,149,177,21
181630,-596,80,16164,121,156,2
182128,-576,168,16100,141,157,7
182626,-496,60,16100,138,164,-20
183124,-464,116,16200,139,153,8
183622,-352,92,16288,133,171,11
184120,-520,144,16064,127,146,0
184617,-420,188,16120,184,150,19
185115,-360,52,16112,145,159,29
185614,-516,132,16224,165,175,16
186112,-504,120,16176,128,164,15
186609,-496,12,16180,141,168,-8
187107,-516,104,16220,130,152,-9
187609,-428,144,16120,151,169,17
188106,-596,124,16312,149,167,21
188604,-636,16,16064,138,141,3
189102,-544,-4,16260,169,161,28
189600,-500,68,16080,146,171,0
190098,-500,148,16224,147,150,12
190596,-492,144,16172,138,161,11
191093,-568,160,16076,148,164,-2
191591,-560,160,16200,145,157,8
192090,-496,116,16292,168,139,2
192587,-648,-12,16032,128,147,2
193085,-540,132,16128,158,146,9
193583,-516,92,16028,138,155,21
194080,-580,128,16268,153,147,13
194579,-432,84,16092,139,144,23
195077,-368,92,16184,144,155,29
195577,-416,168,16180,134,135,27
196076,-488,144,16072,140,164,16
196574,-428,72,16264,144,141,24
197071,-472,168,16076,161,148,6
197569,-488,100,16172,148,153,49
198068,-604,120,16156,152,148,34
198565,-524,112,16072,129,153,8
199063,-448,88,16200,156,150,12
199561,-440,20,16196,142,169,32
200058,-420,68,16200,135,154,10
200557,-452,104,16080,135,167,10
201055,-496,112,16304,147,173,12
201552,-536,108,16120,125,145,1
202050,-528,12,16228,148,156,-9
202548,-520,56,16244,155,147,15
203049,-484,112,16000,159,152,1
203547,-596,96,16124,155,161,22
204045,-528,128,16068,134,139,24
204544,-492,92,16192,150,173,25
205041,-476,76,16032,138,140,16
205539,-532,160,16212,148,151,-10
206036,-608,120,16024,168,153,15
206534,-492,168,16104,147,137,25
207033,-480,132,16076,172,148,25
207531,-412,116,16108,150,174,20
208028,-532,92,16204,154,163,14
208526,-472,80,16252,128,145,-3
209025,-524,72,16144,151,170,15
209522,-536,108,16172,146,162,29
210020,-488,120,16096,143,133,10
210522,-552,156,16020,150,148,40
211019,-568,148,16076,137,149,21
211517,-488,132,16012,157,153,20
212015,-484,124,16216,145,164,32
212512,-656,108,16072,142,172,-11
213011,-564,144,16160,139,156,6
213509,-504,148,16176,143,144,16
214006,-484,12,16020,151,158,5
214504,-484,112,16192,144,146,19
215003,-424,8,16224,133,161,17
215500,-548,108,16132,152,130,27
215998,-472,60,16064,142,160,5
216496,-548,60,16196,153,142,1
216993,-436,12,16188,146,143,16
217492,-556,84,16184,123,153,-4
217990,-556,56,16136,143,167,24
218490,-420,92,16164,148,168,-11
218989,-568,148,16072,153,157,-17
219487,-608,84,16036,161,148,5
219984,-544,152,16060,145,163,21
220482,-508,156,16172,145,154,45
220980,-448,68,16260,149,157,8
221478,-568,112,16176,142,152,4
221976,-536,112,16176,144,127,25
222474,-632,104,16156,169,162,11
222971,-560,112,16132,141,150,0
223469,-544,128,16128,149,174,2
223968,-504,160,16236,161,138,10
224465,-500,104,16068,163,171,7
224963,-600,8,16108,146,159,30
225461,-516,140,16156,156,148,20
225963,-552,160,16192,159,147,-3
226460,-528,-24,16232,156,147,20
226958,-472,68,16060,142,160,3
227456,-400,96,16144,146,167,19
227954,-476,152,16300,141,151,5
228452,-488,36,16072,124,147,-6
228950,-584,64,16056,146,152,13
229447,-456,72,16184,144,158,17
229945,-460,96,16132,137,137,-2
230444,-384,80,16252,145,143,-10
230941,-456,68,16204,136,160,8
231439,-548,172,16260,143,147,21
231937,-488,80,16128,140,136,-2
232434,-580,148,16252,147,156,-3
232933,-512,64,16088,147,155,9
233434,-516,112,16096,145,139,21
233932,-460,216,16024,149,167,-17
234430,-468,76,16116,138,159,19
234928,-472,52,16292,178,139,-1
235425,-464,128,16104,145,142,15
235923,-332,116,16160,156,151,10
236422,-444,76,16128,145,152,-12
236919,-512,108,16140,148,149,5
237417,-648,44,16168,148,143,12
237915,-564,228,16216,149,132,10
238412,-408,140,16168,149,148,10
238911,-660,168,16260,151,171,15
239409,-484,188,16156,135,163,12
239906,-604,216,16164,144,135,28
240404,-552,128,16116,143,152,8
240906,-456,108,16040,137,154,-1
241414,-468,80,16100,158,133,9
241913,-396,44,16108,134,144,-9
242412,-592,104,16216,147,155,-3
242910,-568,92,16232,143,146,29
243407,-496,168,16036,169,168,16
243905,-452,132,16116,146,161,4
244403,-588,84,16216,148,130,6
244901,-556,32,16172,161,145,21
245399,-392,12,16224,147,140,-1
245897,-524,172,16152,138,151,8
246394,-532,84,16196,146,133,16
246892,-540,116,16148,143,168,-1
247391,-632,200,16140,138,153,30
247888,-552,80,16280,135,157,11
248386,-500,140,16028,143,143,16
248888,-520,116,16208,137,134,33
249385,-608,172,16148,156,177,-3
249883,-632,84,16092,147,166,15
250381,-580,188,16304,142,162,4
250880,-536,128,16160,130,166,26
251377,-476,204,16276,153,160,30
251875,-556,56,16196,123,149,26
252372,-516,112,16088,137,165,15
252870,-456,180,15952,143,163,10
253369,-544,40,15992,138,148,1
253867,-536,104,16168,152,161,0
254364,-568,92,16300,162,165,3
254862,-440,100,16156,164,157,12
255360,-504,108,16028,143,152,-11
255858,-528,36,16104,144,154,31
256359,-596,84,16044,134,147,6
256857,-476,64,16308,157,149,4
257355,-508,40,16060,150,142,22
257853,-608,12,16204,151,167,18
258351,-492,120,15984,133,137,14
258848,-484,72,16188,147,160,19
259346,-476,156,16136,133,139,10
259845,-524,60,16276,141,170,-13
260342,-516,124,16164,149,148,8
260840,-504,128,16188,142,173,19
261338,-572,136,16196,144,180,38
261836,-552,24,16156,131,139,14
262334,-596,72,16324,150,140,15
262832,-544,164,16224,151,143,10
263329,-552,152,16108,135,171,16
263827,-580,88,16128,138,168,29
264329,-588,88,16084,132,139,-8
264826,-468,152,16224,166,161,3
265324,-516,108,16104,149,154,11
265823,-572,88,16184,135,135,29
266320,-492,140,16204,151,148,11
266818,-448,168,16188,138,148,3
267316,-364,112,16160,142,147,27
267814,-576,68,16104,137,160,4
268312,-436,236,16092,132,157,16
268810,-496,128,16008,147,149,26
269307,-420,60,16128,157,128,20
269805,-632,172,16148,154,155,29
270304,-488,100,16384,139,154,8
270801,-476,80,16180,147,146,12
271299,-560,36,16160,151,147,22
271801,-640,112,16340,139,142,19
272299,-548,248,16228,154,169,22
272796,-452,128,16304,149,159,25
273294,-508,116,16156,150,170,18
273792,-436,80,16124,157,160,30
274290,-412,108,16048,143,141,9
274788,-596,144,16188,154,154,12
275286,-616,0,16136,141,162,23
275783,-488,144,16128,157,160,-8
276282,-524,128,16032,135,148,22
276780,-524,152,16228,156,138,19
277277,-488,128,16120,151,157,33
277775,-396,112,16212,123,136,31
278273,-524,92,16136,138,154,9
278771,-504,140,16228,164,159,6
279272,-396,120,16228,132,130,10
279770,-552,28,16196,157,147,20
280268,-592,68,16044,169,145,-6
280766,-596,100,16104,143,159,-5
281264,-520,164,16048,145,138,-3
281761,-552,232,16312,144,154,33
282259,-456,84,16148,163,133,16
282758,-472,48,16108,156,146,-5
283255,-572,72,16176,151,165,-13
283753,-472,44,16268,155,175,22
284251,-556,156,16268,146,154,3
284748,-512,196,16032,157,140,10
285247,-484,68,16252,145,169,9
285745,-528,108,16168,141,160,29
286242,-472,164,16124,154,149,12
286744,-588,152,16248,153,137,-2
287242,-496,120,16200,157,140,-7
287739,-420,148,16240,140,151,19
288237,-548,132,16128,162,150,14
288736,-516,88,16108,154,161,20
289233,-444,64,16120,148,153,27
289731,-488,104,16180,141,150,-4
290229,-496,132,16216,140,152,12
290726,-436,144,16164,157,163,6
291225,-628,152,16172,140,147,4
291723,-572,156,16152,150,178,26
292220,-472,104,16208,164,152,29
292718,-552,72,16140,139,144,1
293217,-524,204,15964,129,151,-8
293714,-516,48,16124,153,143,-3
294212,-520,28,16204,146,161,4
294713,-616,124,15968,145,150,11
295212,-580,68,16120,143,148,-1
295709,-544,56,16056,136,157,8
296207,-504,100,16080,153,153,-3
296705,-404,72,16204,151,146,7
297202,-360,48,16268,134,146,12
297701,-616,124,16296,151,162,5
298199,-420,32,16280,141,160,15
298696,-520,40,16204,133,152,17
299194,-504,128,16148,134,154,4
299692,-580,100,16240,159,142,39
300190,-560,36,16232,142,168,5
300688,-600,88,16184,125,141,-2
301186,-428,32,16192,141,154,25
301693,-556,176,16256,167,172,36
302197,-368,88,16156,134,133,-3
302695,-552,96,16076,143,146,4
303193,-480,132,16172,141,132,3
303691,-544,96,16172,152,181,6
304189,-476,96,16240,142,140,10
304687,-480,108,16284,144,156,22
305184,-524,128,16096,149,166,18
305682,-556,52,16048,151,152,0
306181,-456,72,16192,138,151,17
306678,-628,60,16220,158,152,6
307176,-552,40,16224,148,156,-1
307674,-440,56,16000,131,137,20
308171,-644,88,16140,158,133,6
308670,-448,144,16296,137,164,-1
309168,-568,64,16124,154,138,23
309665,-572,160,16008,139,142,2
310167,-540,76,16168,149,161,11
310665,-504,92,16148,152,171,21
311162,-660,104,16200,156,167,5
311660,-548,148,16132,152,173,19
312158,-544,156,16252,142,167,13
312656,-592,152,16332,138,143,-11
313154,-496,92,16284,145,149,11
313652,-588,8,16276,150,175,5
314149,-552,24,16196,138,165,23
314647,-416,204,16108,156,142,18
315146,-576,128,16136,143,136,20
315643,-528,64,16200,145,149,-2
316141,-484,72,16204,147,147,23
316639,-536,160,16240,149,150,16
317136,-548,92,16228,163,139,18
317638,-540,76,16120,155,140,22
318136,-416,92,16204,166,160,5
318633,-400,144,16164,151,175,24
319132,-472,12,16136,160,150,51
319630,-444,148,16072,166,164,26
320128,-408,56,16164,138,132,25
320625,-568,200,16356,150,127,26
321124,-512,96,16304,164,136,21
321622,-492,56,16196,134,167,0
322119,-508,96,16052,143,153,16
322617,-376,48,16200,140,151,15
323115,-580,72,16064,140,170,29
323613,-472,188,16128,148,163,18
324111,-476,92,16196,155,145,-12
324609,-528,100,16180,158,161,28
325106,-468,116,16116,135,143,24
325608,-464,204,16080,157,144,3
326106,-636,180,16200,138,151,9
326603,-456,12,16184,141,149,14
327101,-424,120,16320,151,144,20
327600,-532,52,16244,141,153,19
328097,-448,88,16180,150,167,24
328595,-524,116,16292,154,155,38
329093,-548,136,16128,154,163,44
329591,-556,144,16136,152,156,4
330089,-452,88,16228,147,144,23
330587,-568,168,16268,136,132,29
331084,-556,120,16168,137,165,-8
331582,-556,148,16128,130,144,-3
332081,-372,64,16032,147,135,9
332578,-532,80,16216,147,133,1
333079,-512,188,16320,132,161,7
333578,-460,180,16088,130,147,24
334075,-476,128,16248,164,170,25
334573,-528,24,16032,149,150,26
335071,-468,12,16120,151,140,5
335568,-464,168,16072,147,164,-1
336067,-548,128,16224,159,162,14
336565,-428,44,16188,148,162,4
337062,-460,112,16228,140,158,20
337560,-624,112,16240,131,139,8
338058,-480,156,16208,139,193,13
338556,-496,60,16300,150,163,26
339054,-584,128,16172,150,152,7
339552,-480,196,16204,136,136,40
340049,-484,180,16132,156,175,14
340551,-600,140,16228,145,163,22
341049,-500,152,16248,139,157,8
341547,-424,120,16148,154,155,-9
342045,-588,88,16152,139,150,20
342543,-508,128,16152,140,160,13
343041,-516,100,16280,140,163,12
343538,-524,100,16168,140,160,9
344036,-236,492,17496,78,195,11
344535,-524,72,16304,154,106,-18
345032,-372,160,15960,121,146,8
345530,-516,44,16308,158,184,3
346028,-468,-4,16176,169,192,9
346525,-456,124,16108,153,151,19
347024,-532,92,16336,145,132,29
347522,-364,116,16104,152,173,14
348019,-596,188,16440,161,156,9
348521,-492,156,16140,146,134,17
349019,-524,80,16088,136,153,-26
349516,-332,192,15968,132,159,6
350014,-616,124,16076,138,161,-6
350512,-624,104,16164,150,150,0
351010,-552,164,16180,156,168,-6
351508,-548,176,16248,139,182,15
352006,-660,80,16176,155,152,9
352503,-612,44,16180,142,158,10
353001,-608,52,16320,150,158,1
353500,-464,192,16324,155,144,13
353997,-700,132,16180,139,143,17
354495,-584,92,16220,144,157,7
354993,-500,100,15944,166,169,-2
355491,-540,128,16168,158,120,-22
355992,-656,128,16140,166,173,37
356490,-424,144,16128,163,153,-1
356988,-592,60,16180,139,144,6
357486,-444,228,16152,139,135,16
357984,-488,44,16228,152,129,22
358481,-660,-56,16232,149,148,13
358979,-620,132,16116,174,167,22
359478,-544,160,16132,151,149,2
359975,-456,16,16160,140,151,7
360473,-416,108,16272,153,153,9
360971,-456,12,16180,156,131,18
361468,-476,100,16296,159,153,37
361976,-524,144,16144,166,152,4
362477,-584,76,16080,144,154,35
362975,-520,100,16140,155,168,-1
363476,-568,180,16176,168,167,23
363974,-508,128,16308,140,174,1
364472,-580,136,16156,148,141,32
364969,-652,184,16140,122,147,0
365468,-604,124,16068,138,138,50
365966,-624,52,16324,147,155,30
366464,-616,176,16308,140,145,12
366961,-500,164,16296,132,144,19
367460,-528,8,16220,156,160,4
367958,-496,-12,16024,136,113,19
368455,-472,56,16084,156,140,17
368953,-660,-12,16124,143,152,16
369451,-388,96,16124,150,167,21
369949,-572,88,16128,146,148,16
370447,-636,164,16292,158,136,21
370945,-412,244,16264,160,168,21
371446,-500,-4,16108,134,166,-9
371944,-432,68,16216,155,159,5
372442,-756,-20,16228,123,111,3
372939,-336,164,16252,152,135,21
373437,-556,40,16216,155,166,15
373936,-424,140,16188,157,156,16
374433,-468,156,16204,157,159,25
374931,-452,80,16280,152,140,27
375429,-612,92,16340,145,123,5
375926,-568,196,16168,157,163,15
376425,-656,152,16208,159,161,2
376923,-556,140,16184,154,145,-14
377420,-516,0,16108,172,128,-1
377918,-544,100,16244,135,142,-9
378416,-596,28,15984,144,148,26
378917,-564,120,16192,159,163,26
379415,-480,104,16192,133,159,6
379914,-528,92,16028,166,157,15
380411,-412,144,16064,137,145,34
380909,-484,140,16320,134,168,36
381407,-652,64,16136,145,186,18
381904,-272,196,16152,157,142,8
382403,-580,128,16164,168,148,8
382901,-532,-44,16172,138,136,-5
383398,-400,184,16320,158,141,29
383896,-584,100,16344,142,162,22
384394,-540,316,16332,140,148,21
384892,-640,72,16068,140,146,18
385390,-588,140,16416,156,158,-7
385888,-604,140,16360,147,149,9
386390,-404,104,16112,145,158,2
386887,-452,68,16268,139,182,8
387385,-372,136,16104,143,160,0
387883,-524,28,16196,175,162,31
388380,-596,124,16160,136,163,-9
388879,-472,136,16212,159,156,8
389377,-560,44,16036,131,147,-4
389874,-440,92,16216,133,140,5
390372,-596,124,16196,133,159,20
390870,-656,172,16228,162,152,23
391368,-556,76,16272,161,174,21
391866,-436,76,16156,166,152,-1
392364,-616,144,16236,152,150,2
392861,-460,132,16316,137,153,10
393359,-644,100,16164,145,170,6
393858,-472,100,16192,151,145,17
394358,-576,104,16100,145,170,20
394857,-584,36,16208,149,153,5
395355,-552,80,16056,170,167,10
395852,-452,-56,16364,143,166,12
396350,-432,244,16156,167,135,8
396848,-600,44,16232,136,135,13
397346,-588,84,16368,135,152,24
397844,-592,192,16144,123,164,23
398342,-416,184,16308,174,129,18
398839,-544,76,16236,156,138,9
399337,-524,120,16332,153,152,2
399836,-420,136,16280,148,164,-3
400333,-552,108,16216,157,146,18
400831,-408,56,16164,163,143,3
401329,-580,88,16252,158,158,14
401830,-588,84,16192,144,143,28
402328,-484,88,16100,141,156,-10
402826,-504,124,15976,158,159,-2
403323,-468,156,16108,136,157,12
403822,-348,56,16248,144,174,2
404320,-548,180,16208,161,149,12
404817,-608,132,16240,135,150,26
405315,-464,152,16264,171,148,18
405814,-500,124,16224,149,156,38
406311,-492,132,16272,152,163,31
406809,-492,68,16200,151,174,24
407307,-484,140,16268,156,137,20
407804,-596,116,16140,165,149,-4
408303,-548,60,16264,152,155,-10
408801,-508,104,16136,153,162,8
409302,-548,176,16140,153,161,9
409800,-488,180,16140,161,141,20
410298,-464,100,16152,160,168,-1
410796,-532,140,16140,140,171,14
411293,-588,104,16144,143,152,23
411792,-480,40,16180,135,158,9
412290,-600,60,16072,157,151,25
412787,-532,96,16092,128,134,10
413285,-576,72,16216,130,134,32
413783,-496,208,16320,152,165,16
414281,-484,140,16140,151,164,-4
414779,-628,120,16148,145,140,22
415277,-464,132,16252,132,172,42
415774,-504,104,16088,166,156,18
416272,-512,128,16224,126,162,19
416771,-524,144,16104,170,135,8
417271,-456,76,16200,137,148,3
417769,-472,120,16176,152,143,-9
418268,-540,128,16268,173,158,11
418765,-552,104,16172,152,167,-3
419263,-512,120,16184,141,135,22
419761,-452,120,16252,151,170,-3
420259,-604,128,16164,167,138,7
420757,-436,132,16220,156,149,9
421255,-568,108,16024,144,173,18
421752,-552,52,16120,140,153,10
422260,-576,-12,16092,145,154,24
422761,-524,28,16216,175,152,2
423259,-412,104,16296,168,163,14
423756,-516,100,16236,165,156,18
424254,-496,172,16304,146,156,21
424756,-444,80,16396,150,147,12
425253,-444,180,16152,154,163,33
425751,-544,164,16128,139,113,37
426250,-444,136,16220,157,168,15
426747,-468,160,16108,161,151,-11
427245,-552,52,16084,140,164,11
427743,-432,228,16080,146,149,9
428241,-464,136,16272,154,144,16
428739,-440,64,16212,156,152,2
429237,-580,88,16096,119,164,-2
429734,-604,144,16252,128,165,4
430232,-500,164,16180,174,168,39
430731,-528,128,16224,156,147,13
431228,-444,156,16156,147,146,23
431726,-688,72,16216,149,133,-14
432228,-560,104,16160,155,141,0
432726,-468,200,16140,152,147,-5
433223,-572,32,16196,158,135,6
433721,-516,112,16152,151,157,25
434219,-460,124,16116,138,156,13
434717,-728,184,16264,159,157,8
435215,-380,124,16244,131,155,32
435713,-580,128,16012,151,148,6
436210,-396,144,16056,144,170,13
436708,-552,80,16260,149,134,14
437207,-568,72,16252,143,158,17
437704,-496,144,16060,144,155,1
438202,-584,212,16236,130,142,22
438700,-380,148,16352,158,147,28
439198,-500,112,16152,149,140,-4
439699,-560,96,16192,138,131,-4
440197,-556,124,16488,133,166,6
440695,-524,68,16200,158,152,6
441193,-500,120,16172,151,158,24
441691,-448,144,16168,146,137,9
442188,-532,120,16224,131,161,9
442686,-588,128,16196,145,132,29
443185,-436,176,16264,150,156,16
443682,-572,100,16024,152,171,13
444180,-572,188,16272,155,156,3
444678,-520,84,16200,142,147,16
445175,-540,84,16260,134,159,12
445674,-472,192,16220,144,141,16
446172,-588,80,16248,151,182,11
446669,-528,172,16168,157,161,17
447167,-520,164,16156,158,145,26
447669,-532,144,16288,142,140,6
448166,-564,180,16276,158,163,11
448664,-464,124,16152,153,149,-5
449163,-572,116,16352,133,132,5
449660,-508,72,16168,132,155,31
450158,-484,192,16296,132,141,11
450656,-480,120,16172,134,181,19
451153,-580,-20,16224,158,141,28
451652,-464,96,16148,159,137,29
452150,-536,148,16088,154,143,5
452647,-540,144,16184,147,152,18
453145,-608,40,16232,150,155,12
453643,-520,92,16360,139,168,19
454141,-616,-24,16372,149,147,12
454639,-544,48,16376,152,167,9
455141,-556,-40,16276,151,149,-4
455639,-632,32,16248,167,142,-1
456136,-496,188,16236,129,162,9
456634,-432,104,16220,134,142,13
457132,-524,140,16260,166,138,10
457630,-404,104,16112,146,171,30
458128,-504,92,16316,145,154,22
458626,-548,176,16172,163,150,50
459123,-496,68,16108,169,153,10
459621,-588,104,16276,166,153,24
460120,-468,136,16216,156,171,7
460617,-524,176,16288,152,150,17
461115,-544,140,16340,154,167,5
461613,-444,172,16300,152,157,23
462110,-468,20,16028,165,165,-4
462612,-572,76,16276,126,142,20
463110,-484,40,16232,161,158,16
463608,-456,116,16156,151,160,3
464106,-572,92,16308,135,162,1
464604,-692,80,16060,154,135,14
465101,-484,68,16024,161,140,18
465599,-580,160,16200,157,164,2
466097,-556,20,16208,146,154,22
466595,-572,116,16128,156,141,15
467093,-484,112,16052,148,159,21
467591,-576,160,16276,138,161,25
468088,-544,144,16400,159,147,26
468587,-460,88,16316,143,152,15
469085,-532,44,16176,157,148,12
469582,-444,144,16360,151,144,29
470080,-524,192,16296,130,166,-1
470582,-544,44,16152,137,159,25
471079,-608,120,16228,148,160,32
471577,-396,96,16076,141,148,5
472075,-512,156,16100,151,160,-3
472573,-532,44,16200,150,166,16
473071,-392,132,16304,133,156,9
473569,-428,160,16080,150,147,-4
474066,-552,164,16296,156,167,20
474565,-504,88,16124,167,159,23
475063,-552,104,16252,145,149,11
475560,-504,164,16332,159,139,-3
476058,-496,140,16200,160,149,42
476556,-480,176,16112,147,137,22
477054,-640,152,16192,158,155,6
477552,-580,116,16108,156,166,8
478053,-580,68,16336,135,151,14
478552,-520,152,16120,139,162,-1
479049,-480,12,16068,156,163,6
479547,-600,136,16144,161,145,20
480045,-408,212,16220,150,162,28
480542,-544,64,16124,149,138,19
481041,-568,120,16228,143,176,17
481539,-496,128,16140,157,152,-13
482036,-456,132,16320,155,165,22
482544,-576,220,16192,136,156,-6
483045,-528,60,16028,145,149,-9
483543,-552,112,16352,136,158,-14
484040,-448,68,16308,137,166,-14
484538,-568,184,16188,155,150,32
485037,-560,104,16196,149,160,14
485537,-572,196,16312,124,165,29
486035,-488,92,16260,138,167,12
486534,-372,160,16188,149,165,10
487031,-512,124,16188,160,138,20
487529,-580,136,16220,156,171,29
488027,-536,108,16244,144,155,14
488524,-500,100,16292,144,139,11
489023,-672,-24,16356,157,155,26
489521,-524,116,16188,154,144,3
490018,-592,84,16408,155,175,33
490516,-520,76,16160,146,147,15
491015,-580,124,16312,158,146,10
491512,-520,36,16220,150,154,37
492010,-656,136,16072,160,163,31
492508,-540,120,16140,162,144,0
493029,-492,168,16232,155,167,7
493527,-464,124,16284,141,166,36
494024,-520,124,16304,142,165,43
494522,-648,24,16244,155,133,34
495021,-520,148,16132,156,173,-4
495518,-420,96,16328,148,171,23
496016,-472,76,16164,145,132,15
496514,-580,116,16172,159,170,30
497011,-476,152,16164,147,139,28
497510,-536,172,16216,153,143,-13
498008,-564,160,16212,149,185,29
498505,-452,88,16324,142,159,41
499003,-420,152,16196,166,129,-9
499502,-568,88,16216,171,146,11
499999,-580,92,16228,145,160,37
500497,-580,148,16264,150,154,7
501000,-404,124,16304,143,166,-6
501497,-672,24,16288,155,157,15
501995,-596,172,16296,147,136,-7
502493,-568,144,16112,126,153,-2
502991,-552,68,16156,141,162,19
503489,-560,88,16268,164,145,19
503987,-488,160,16244,167,153,10
504484,-416,188,16356,138,148,24
504982,-560,112,16244,150,168,16
505481,-564,104,16124,149,157,-22
505978,-564,124,16100,143,169,10
506476,-556,140,16240,141,140,18
506974,-564,204,16104,156,142,14
507472,-476,112,16224,153,158,24
507970,-500,132,16248,149,162,46
508471,-544,96,16372,166,153,27
508969,-612,168,16208,143,159,30
509467,-564,160,16256,158,153,21
509965,-476,112,16372,136,146,8
510462,-508,56,16324,142,149,32
510961,-520,112,16220,163,133,24
511459,-484,92,16116,145,146,21
511956,-400,140,16200,140,145,16
512454,-568,92,16208,139,157,12
512952,-532,160,16164,147,152,11
513451,-576,184,16084,155,136,39
513948,-576,100,16340,167,150,7
514446,-536,228,16256,150,158,15
514944,-396,152,16140,140,144,38
515441,-464,144,16248,166,147,41
515943,-432,76,16328,156,158,-9
516441,-752,96,16076,138,162,23
516939,-516,164,16280,155,140,3
517437,-484,100,16196,147,150,16
517935,-492,96,16168,171,164,17
518432,-532,108,16184,164,149,18
518930,-572,200,16280,134,132,7
519429,-492,28,16168,152,153,5
519926,-572,140,16288,150,151,22
520424,-568,120,16164,138,186,3
520922,-396,204,16176,136,137,25
521419,-496,168,16108,152,163,15
521918,-540,164,16140,154,150,-8
522416,-608,112,16164,167,142,8
522913,-496,120,16316,163,159,28
523415,-504,140,16228,149,156,-15
523913,-484,156,16228,164,159,-3
524410,-600,136,16396,144,149,33
524908,-548,160,16320,157,158,16
525407,-520,104,16164,138,155,6
525904,-456,152,16284,132,181,1
526402,-580,136,16224,142,159,7
526900,-520,120,16300,140,151,13
527397,-496,116,16112,137,148,17
527896,-548,188,16196,163,138,-3
528394,-632,36,16304,149,162,-17
528891,-508,108,16176,145,167,17
529389,-384,80,16088,155,173,24
529887,-572,40,16064,160,154,21
530385,-596,100,16152,163,169,33
530883,-488,80,16124,141,154,5
531384,-468,144,16200,133,152,19
531883,-572,124,16208,152,142,6
532380,-536,96,16220,153,141,7
532878,-496,80,16360,141,141,6
533376,-468,100,16204,162,152,26
533873,-580,120,16388,137,160,24
534372,-624,112,16172,134,142,-12
534870,-432,152,16276,157,166,-8
535367,-520,120,16344,146,142,18
535865,-544,120,16180,159,149,21
536364,-456,176,16328,142,152,19
536861,-424,148,16276,132,154,16
537359,-508,224,16348,157,148,21
537857,-524,188,16156,166,132,-1
538354,-432,60,16236,136,186,8
538856,-444,144,16204,141,146,19
539354,-608,180,16116,143,152,-8
539852,-444,140,16096,154,156,17
540350,-452,160,16144,150,163,29
540848,-480,140,16268,146,160,9
541345,-556,60,16220,158,147,13
541843,-528,104,16240,171,158,24
542342,-372,80,16288,136,153,16
542850,-408,148,16132,150,170,5
543349,-480,124,16152,165,136,3
543848,-512,160,16204,136,159,20
544346,-524,160,16260,159,141,-5
544843,-484,120,16320,153,138,5
545341,-496,60,16096,147,154,23
545840,-548,136,16308,153,156,2
546340,-424,120,16268,145,163,31
546838,-396,136,16320,155,150,13
547337,-476,84,16236,148,127,15
547834,-532,172,16228,131,129,41
548332,-552,152,16356,166,119,20
548830,-552,164,16260,154,157,-6
549327,-656,140,16300,158,159,-12
549826,-508,208,16312,152,141,4
550324,-496,144,16184,136,156,19
550821,-500,108,16324,152,154,4
551319,-440,160,16356,148,155,3
551817,-540,160,16176,156,124,29
552315,-588,108,16200,157,149,9
552813,-476,20,16232,155,148,3
553311,-480,88,16200,160,152,20
553812,-528,136,16296,139,136,-6
554310,-464,104,16292,139,153,17
554808,-708,28,16232,144,139,34
555305,-556,104,16280,142,172,-14
555804,-468,172,16164,143,143,12
556302,-564,76,16212,138,145,3
556800,-552,32,16292,159,133,36
557297,-532,132,16148,150,162,2
557795,-484,240,16232,142,148,21
558294,-544,208,16128,152,155,9
558791,-544,72,16236,158,175,14
559289,-464,168,16220,139,144,13
559787,-356,112,16240,132,129,7
560284,-400,156,16328,140,156,16
560783,-552,76,16176,159,155,32
561281,-508,136,16340,158,157,24
561782,-664,160,16336,155,153,13
562280,-544,172,16180,160,144,11
562778,-424,124,16172,155,174,17
563275,-684,52,16156,137,145,2
563773,-460,128,16136,147,173,40
564272,-428,196,16168,144,144,20
564769,-496,148,16320,161,165,17
565267,-636,156,16224,154,167,0
565765,-520,164,16376,156,172,28
566262,-484,132,16144,138,153,3
566761,-520,132,16248,150,161,-8
567259,-524,60,16188,171,162,35
567756,-464,128,16140,145,152,32
568254,-396,168,16200,143,151,17
568753,-548,232,16256,133,161,27
569253,-540,96,16220,138,162,29
569751,-484,116,16300,151,147,28
570250,-444,84,16316,161,155,13
570747,-392,44,16308,157,149,27
571245,-580,140,16152,162,157,9
571743,-516,156,16288,140,136,10
572240,-532,180,16220,138,148,27
572739,-484,100,16196,145,138,9
573237,-700,100,16216,153,152,-3
573734,-556,52,16292,150,135,17
574232,-412,136,16180,156,136,21
574730,-552,96,16268,148,177,35
575228,-556,112,16220,138,140,-7
575726,-504,176,16164,164,140,18
576224,-412,52,16272,159,159,27
576726,-564,76,16304,156,138,5
577223,-492,52,16364,160,158,5
577721,-560,144,16136,161,152,-23
578219,-520,64,16204,142,164,5
578717,-388,120,16216,167,151,21
579215,-472,172,16216,154,175,10
579713,-624,148,16292,158,131,14
580210,-432,116,16296,153,172,4
580708,-380,52,16288,145,141,38
581207,-532,112,16176,141,158,22
581704,-620,216,16108,143,125,1
582202,-444,132,16148,146,151,5
582700,-444,172,16176,144,149,16
583197,-616,124,16264,148,157,22
583696,-456,236,16240,159,153,30
584194,-324,12,16224,167,135,-4
584694,-468,100,16272,148,159,19
585193,-568,68,16192,159,160,11
585691,-520,92,16348,137,163,11
586188,-508,192,16356,163,149,13
586686,-596,136,16228,169,145,14
587185,-556,28,16160,148,141,9
587682,-436,180,16292,141,159,24
588180,-664,120,16180,151,151,17
588678,-592,128,16084,155,154,11
589175,-436,152,16220,143,133,-1
589674,-548,100,16296,157,140,22
590172,-556,52,16072,152,172,30
590669,-532,136,16144,153,142,8
591167,-372,56,16192,146,157,14
591665,-496,176,16160,142,166,9
592166,-420,120,16228,163,170,28
592664,-552,104,16312,144,144,13
593162,-520,28,16164,173,146,12
593660,-400,172,16184,139,132,-10
594158,-556,96,16268,145,134,2
594656,-504,124,16084,132,163,16
595153,-444,56,16348,140,160,16
595652,-516,160,16428,151,163,5
596150,-504,84,16316,167,142,12
596647,-456,112,16344,151,144,9
597145,-424,84,16212,173,138,9
597643,-564,136,16248,146,159,22
598141,-480,148,16324,151,154,19
598639,-572,68,16224,142,153,-5
599137,-524,180,16224,124,168,4
599639,-456,152,16148,151,157,13
600136,-444,36,16260,135,160,37
600634,-536,76,16188,138,153,-4
601132,-556,-164,16140,140,192,-19
601629,-64,-40,16256,137,139,3
602128,-476,240,16384,109,152,11
602626,-624,132,16248,142,162,2
603133,-496,92,16124,140,153,2
603633,-484,72,16220,141,152,33
604132,-616,28,16268,159,158,-17
604630,-488,136,16200,164,158,11
605127,-572,24,16304,149,136,8
605625,-416,252,16196,158,163,20
606123,-432,88,16360,143,164,15
606621,-600,180,16192,138,134,-1
607119,-476,240,16200,157,147,16
607620,-456,96,16232,128,140,8
608118,-372,132,16240,144,161,13
608616,-496,16,16280,150,164,14
609114,-608,148,16224,154,165,13
609611,-416,-160,16056,142,147,45
610109,-360,324,16064,152,178,24
610608,-696,132,16420,141,162,-3
611105,-544,44,16284,158,127,7
611603,-576,160,16220,138,132,-10
612101,-476,180,16284,152,163,28
612599,-516,60,16292,170,150,8
613097,-552,108,16148,159,165,21
613595,-444,144,16172,149,174,12
614092,-488,104,16112,171,155,-2
614590,-504,72,16096,158,147,20
615092,-624,116,16216,150,155,5
615589,-416,160,16360,148,159,14
616087,-432,96,16304,137,142,6
616586,-516,160,16348,159,159,4
617083,-560,44,16164,158,151,21
617581,-544,212,16328,160,136,22
618079,-584,160,16312,159,160,24
618576,-560,72,16180,156,142,2
619075,-544,244,16452,148,139,17
619573,-488,224,16320,152,169,15
620070,-536,180,16192,160,152,19
620568,-604,120,16156,154,139,27
621067,-560,144,16180,148,132,17
621564,-392,104,16288,155,147,9
622062,-548,116,16088,165,167,1
622564,-612,0,16212,158,137,2
623062,-624,192,16180,147,161,23
623559,-504,124,16196,154,149,1
624057,-488,120,16284,148,141,24
624555,-500,60,16208,152,147,14
625053,-460,224,16336,149,175,-17
625551,-464,120,16240,159,170,14
626049,-532,120,16192,135,158,3
626546,-548,168,16396,173,136,16
627044,-508,20,16284,143,154,9
627543,-484,84,16168,161,162,4
628040,-528,80,16252,151,150,15
628538,-580,84,16212,152,151,10
629036,-496,92,16228,145,149,10
629533,-540,72,16328,162,159,8
630032,-604,36,16356,165,162,24
630533,-568,24,16124,159,154,-2
631030,-432,164,16132,169,151,-13
631529,-432,128,16184,142,165,15
632027,-620,56,16160,142,149,23
632524,-600,136,16160,150,155,12
633022,-432,96,16228,145,178,25
633520,-484,92,16252,165,128,15
634018,-592,28,16200,139,151,14
634516,-624,180,16224,161,155,9
635014,-420,184,16208,145,164,22
635511,-504,248,16396,152,154,13
636010,-612,156,16288,156,150,11
636508,-512,120,16300,151,150,25
637005,-528,140,16224,154,159,12
637503,-528,120,16232,141,154,6
638005,-520,116,16360,149,162,13
638502,-452,80,16240,133,165,19
639000,-468,172,16296,145,158,15
639498,-424,100,16216,153,158,-5
639996,-544,116,16280,167,153,9
640494,-556,84,16212,142,172,-5
640992,-556,156,16112,157,148,6
641489,-404,180,16180,156,163,15
641988,-496,176,16188,139,175,1
642486,-416,180,16340,150,156,3
642983,-416,136,16120,162,154,16
643481,-508,64,16304,166,167,-7
643979,-576,108,15860,163,181,3
644477,-372,88,16440,149,177,19
644975,-508,112,16180,138,150,11
645476,-536,60,16256,161,179,9
645975,-404,168,16288,151,175,14
646472,-616,88,16192,143,161,11
646970,-256,164,16132,155,122,12
647468,-444,84,16076,146,153,19
647965,-756,156,16440,132,122,3
648464,-808,132,16248,174,190,32
648962,-448,148,16100,154,158,6
649459,-536,156,16240,149,133,18
649957,-636,-4,16184,143,128,6
650455,-492,144,16136,159,178,9
650953,-596,228,16316,153,170,9
651451,-616,20,16168,131,154,11
651949,-540,128,16108,147,150,6
652446,-396,248,16216,153,144,23
652944,-400,156,16208,159,142,24
653446,-512,-16,16220,155,148,13
653943,-432,208,16316,158,165,7
654441,-544,168,16184,153,160,1
654940,-448,204,16244,183,154,16
655437,-628,120,16268,167,147,24
655935,-720,188,16116,144,148,-7
656433,-408,140,16152,126,129,37
656931,-460,140,16180,134,151,24
657429,-616,128,16228,145,162,21
657927,-492,68,16180,136,167,14
658424,-440,24,16252,141,165,7
658922,-620,48,16172,159,177,-3
659421,-792,200,16404,164,151,18
659918,-552,168,16184,153,152,30
660416,-556,52,16116,153,158,31
660918,-660,172,16232,142,159,16
661415,-612,152,16200,151,147,14
661913,-540,144,16160,149,170,-7
662411,-584,96,16196,165,147,-1
662908,-556,80,16160,161,167,-1
663416,-628,156,16216,134,150,18
663917,-548,112,16160,148,165,27
664415,-556,164,16108,145,138,3
664912,-436,156,16312,131,165,12
665411,-640,92,16128,145,128,3
665909,-480,120,16080,152,125,49
666406,-548,184,16656,127,147,-1
666904,-492,108,16120,154,159,46
667402,-452,112,16136,167,144,0
667900,-504,100,16112,159,146,28
668401,-572,312,16580,110,115,32
668900,-648,188,16300,151,147,24
669398,-808,96,16156,168,151,6
669895,-588,144,16144,148,154,2
670393,-380,136,16200,144,142,-4
670891,-600,164,16320,154,159,-3
671389,-524,96,16164,156,173,28
671887,-536,76,16224,157,159,21
672385,-620,168,16456,140,140,17
672882,-548,56,16216,158,156,-8
673380,-600,56,16388,154,163,6
673879,-544,212,16272,171,173,26
674376,-620,212,16180,151,143,24
674874,-456,-36,16188,188,144,8
675372,-468,28,16192,166,190,5
675873,-536,396,16172,138,116,31
676371,-484,36,16144,158,137,23
676869,-688,172,16192,121,138,26
677366,-632,72,16160,137,124,31
677865,-544,164,16460,162,199,17
678363,-612,128,16320,151,162,20
678860,-680,136,16128,152,158,19
679358,-608,-24,16296,128,147,-4
679857,-604,84,16392,136,150,13
680354,-712,288,16212,140,165,15
680852,-428,104,16052,132,181,13
681350,-608,124,16376,149,123,8
681847,-704,256,16248,136,145,21
682346,-632,108,16236,151,189,4
682844,-652,28,16516,185,88,12
683341,-648,36,16232,158,153,14
683843,-400,284,16532,167,180,-22
684341,-592,144,16408,135,110,38
684838,-508,332,16228,184,188,27
685336,-644,100,16020,154,129,13
685835,-664,68,16272,133,211,42
686332,-520,68,15948,157,148,15
686830,-472,84,16220,171,154,9
687328,-772,80,16344,176,117,28
687825,-740,68,16060,127,136,20
688324,-868,36,16584,186,106,24
688822,-508,148,16168,155,143,20
689319,-688,-40,16020,154,105,24
689817,-432,264,16288,165,170,35
690315,-404,20,16248,143,182,28
690813,-672,-64,16180,175,126,19
691314,-480,104,16140,156,143,18
691812,-480,184,16188,155,158,7
692311,-348,-20,15960,129,116,9
692808,-712,72,16108,141,136,0
693306,-488,196,16268,161,182,-2
693804,-628,108,16132,150,148,3
694301,-652,152,16304,164,149,18
694800,-592,252,16544,131,168,21
695298,-552,60,16260,149,151,24
695795,-560,124,16208,149,133,9
696293,-700,100,16212,140,145,10
696792,-648,152,16284,153,130,19
697289,-284,16,15956,127,145,2
697787,-500,68,16216,155,180,-31
698285,-580,144,16240,132,125,18
698786,-516,108,16172,159,150,18
699284,-564,184,16136,152,170,19
699782,-596,180,16276,143,143,4
700279,-628,104,16216,155,150,24
700778,-616,144,16332,145,155,15
701276,-704,32,15904,158,138,27
701773,-464,92,16240,150,173,-18
702271,-428,140,16216,145,117,26
702769,-736,132,16044,141,117,-3
703267,-532,-24,16244,160,161,-7
703765,-532,144,16168,154,130,33
704263,-484,8,15932,188,161,30
704760,-608,88,16252,145,158,8
705258,-796,240,16244,140,150,27
705757,-544,64,15760,158,137,10
706254,-224,216,16336,152,238,12
706756,-528,160,16196,154,168,21
707254,-604,148,16644,117,222,2
707751,-576,276,16392,162,165,3
708249,-532,124,16468,129,126,22
708747,-672,108,16188,158,237,11
709245,-408,220,16272,149,206,25
709743,-276,260,16572,100,245,13
710241,-524,152,16132,154,177,5
710738,-768,148,16264,136,127,-3
711236,-504,224,16572,140,144,8
711735,-652,80,16064,146,138,3
712232,-680,92,16016,143,162,28
712730,-588,120,16244,153,159,33
713228,-528,108,16272,143,165,25
713726,-556,92,16356,147,121,1
714227,-660,80,16260,135,133,23
714725,-588,196,16220,157,181,6
715224,-716,132,16116,162,171,21
715721,-632,292,16336,148,156,12
716219,-456,152,16192,146,131,30
716717,-528,112,16048,135,173,-7
717214,-552,88,16212,148,146,24
717713,-724,112,16228,132,141,-4
718211,-776,212,16368,153,201,13
718708,-792,104,16044,197,119,-5
719206,-668,136,16084,136,147,17
719704,-700,128,16076,166,122,14
720202,-484,180,16368,161,141,24
720700,-580,92,16320,157,158,31
721198,-592,136,16192,143,173,3
721699,-648,244,16064,144,190,18
722197,-592,252,16000,172,24,12
722695,-592,96,16212,155,137,16
723192,-368,116,16068,151,157,19
723700,-668,212,16516,123,131,23
724201,-680,48,16156,135,160,2
724699,-508,116,16084,149,184,33
725196,-712,72,16164,129,100,10
725695,-572,-40,16244,138,146,1
726193,-680,4,16252,154,132,29
726690,-668,144,16056,146,180,14
727188,-632,40,16332,148,170,11
727686,-572,160,16280,132,141,22
728184,-548,280,16160,144,159,5
728682,-356,-16,16176,149,148,42
729183,-616,264,16352,132,136,4
729681,-364,116,15912,157,135,-3
730179,-596,184,16328,164,181,28
730677,-460,-52,16116,118,190,14
731174,-404,160,16144,138,142,-8
731672,-732,268,16292,139,109,16
732171,-604,36,16288,154,155,-3
732668,-560,156,15920,183,127,17
733166,-672,196,16356,169,144,15
733664,-644,128,16328,139,154,15
734161,-780,180,16520,146,143,41
734660,-580,60,16304,136,126,-8
735158,-452,20,15872,171,202,15
735655,-820,-16,16356,151,112,-2
736153,-672,356,16472,165,132,5
736652,-492,72,16148,150,155,0
737153,-500,308,16220,160,152,9
737650,-672,36,16292,155,137,19
738149,-584,216,16220,143,127,27
738647,-552,140,16216,143,141,-7
739144,-588,164,16164,163,168,17
739642,-560,0,16100,158,150,14
740140,-584,188,16312,135,139,-6
740638,-620,128,16460,169,136,4
741136,-644,108,16104,171,145,8
741634,-608,28,16240,144,156,9
742131,-676,12,16288,158,164,29
742629,-468,40,16236,154,166,-3
743128,-552,92,16072,158,148,6
743625,-556,28,16124,154,152,17
744123,-584,240,16264,152,168,15
744625,-560,136,16680,133,112,34
745122,-556,20,16220,171,192,45
745620,-348,184,16332,143,146,22
746118,-784,32,16048,170,78,30
746615,-780,96,16172,149,128,-4
747114,-584,196,16180,160,128,22
747612,-672,-120,15780,195,135,26
748109,-548,108,16332,147,132,14
748607,-512,236,16124,149,150,15
749105,-800,208,16412,159,171,8
749603,-476,264,16240,144,138,29
750101,-472,264,16096,161,142,33
750599,-924,-12,15636,189,109,11
751096,-544,56,16308,135,163,13
751595,-600,160,16224,142,155,21
752096,-728,52,16252,141,164,16
752593,-636,192,16244,149,146,15
753092,-540,156,16320,161,127,17
753590,-624,156,16308,141,131,3
754087,-604,116,16152,160,158,39
754585,-700,136,16288,139,165,34
755084,-604,56,16160,161,156,15
755581,-556,36,16196,153,134,33
756079,-604,216,16248,144,141,0
756577,-732,8,16112,144,162,-5
757074,-660,160,16304,131,122,-3
757572,-704,112,16248,155,180,24
758071,-564,80,16300,165,167,16
758568,-604,132,16060,154,179,-9
759066,-576,32,16380,170,184,15
759564,-440,-12,16256,135,104,6
760066,-636,56,16184,152,92,21
760563,-604,72,16216,157,151,15
761061,-472,4,16252,107,143,-18
761560,-468,192,16236,148,143,4
762057,-592,8,16472,159,155,11
762555,-476,-8,16376,153,187,13
763053,-572,184,16004,156,146,13
763550,-580,120,16388,152,146,-9
764049,-552,180,16288,130,162,23
764547,-500,128,16176,172,153,7
765044,-524,156,16380,136,141,21
765542,-732,208,16140,134,144,11
766040,-624,24,16288,161,177,19
766538,-492,20,16088,150,164,22
767036,-384,12,16160,165,145,10
767537,-364,68,16300,152,140,3
768035,-568,124,16176,169,178,21
768533,-564,76,16180,170,166,23
769031,-396,112,16208,168,166,24
769528,-508,92,15988,145,165,33
770026,-532,156,16152,153,177,28
770525,-616,228,16284,144,149,-14
771022,-520,312,16488,153,120,0
771520,-680,-24,16132,141,162,-26
772018,-592,56,16060,140,151,7
772516,-472,244,16300,154,181,6
773014,-436,-60,16064,151,173,-22
773512,-568,232,16264,140,161,22
774009,-556,192,16248,146,162,33
774507,-484,144,16264,139,157,22
775009,-528,32,16364,120,158,24
775506,-628,148,16148,148,159,9
776004,-576,12,16252,158,115,14
776503,-852,56,16208,124,143,27
777000,-900,212,16288,155,97,13
777498,-752,104,16312,178,200,6
777996,-568,164,16152,162,157,13
778494,-800,184,16032,143,144,25
778992,-748,144,16408,127,144,5
779490,-556,64,16060,137,182,3
779987,-696,164,16184,144,132,23
780485,-464,192,16188,139,129,15
780984,-596,88,16408,131,137,-9
781481,-488,184,16132,173,160,3
781979,-540,152,16124,120,125,22
782477,-456,28,16224,135,139,22
782979,-576,208,16044,156,147,4
783476,-784,-88,16216,145,148,11
783984,-484,136,16152,151,160,26
784485,-712,84,16184,161,153,30
784983,-532,180,16220,152,159,17
785480,-756,108,16316,138,143,-17
785978,-604,192,16296,166,146,-5
786476,-608,56,16352,136,165,27
786974,-600,104,16188,156,160,-10
787472,-504,-16,16172,145,172,27
787970,-636,20,15864,150,137,31
788467,-556,180,16184,162,171,-15
788965,-604,44,16320,167,147,8
789464,-672,144,16592,133,137,26
789961,-576,216,16140,150,129,1
790462,-788,284,16460,151,160,13
790961,-676,336,16456,96,167,7
791458,-484,64,16132,152,175,19
791956,-344,192,16444,130,226,0
792454,-456,188,16232,141,146,30
792952,-504,164,16068,155,156,1
793450,-644,48,16248,139,154,22
793948,-668,-112,15732,143,112,18
794445,-720,76,16208,157,145,8
794943,-576,136,16168,143,148,11
795442,-612,192,16180,149,163,7
795939,-588,-52,16176,150,175,19
796437,-580,272,16176,170,176,7
796935,-684,-100,16340,172,138,19
797432,-552,192,16136,147,97,36
797934,-408,112,16620,149,177,7
798432,-452,84,16436,159,139,29
798929,-580,140,16328,148,144,11
799428,-532,56,16380,150,155,31
799926,-520,60,16228,154,143,31
800423,-548,24,16224,150,137,14
800921,-408,212,16228,132,163,24
801419,-520,68,16304,154,172,9
801917,-496,196,16260,150,137,26
802415,-524,80,16400,132,165,24
802913,-520,128,16396,154,157,23
803410,-504,128,16220,152,156,29
803909,-492,156,16244,143,150,9
804407,-376,72,16424,135,146,10
804904,-1508,788,16244,175,42,32
805402,-516,148,16248,153,152,33
805904,-324,196,16368,145,170,32
806402,-544,40,16156,159,144,12
806899,-500,160,16264,159,149,-5
807397,-588,116,16232,154,163,6
807896,-516,112,16276,156,159,18
808393,-512,8,16272,135,143,0
808891,-564,32,16144,150,151,15
809389,-496,156,16188,133,161,31
809886,-568,64,16188,146,166,8
810385,-496,92,16252,145,139,8
810883,-584,88,16232,149,137,9
811380,-420,96,16216,153,179,24
811878,-492,124,16196,147,158,20
812376,-500,172,16252,146,150,11
812874,-472,96,16056,155,151,5
813375,-532,116,16468,140,155,24
813873,-564,164,16140,165,168,1
814371,-552,148,16228,124,134,16
814869,-392,16,16312,158,148,33
815367,-552,164,16208,136,164,29
815864,-536,140,16256,139,170,11
816363,-564,96,16048,129,145,-3
816861,-492,192,16180,148,151,33
817358,-556,124,16096,146,153,8
817856,-488,68,16320,153,155,24
818354,-440,72,16092,146,157,25
818852,-2160,-40,16680,504,-1444,-32
819350,-296,188,15548,150,106,18
819848,-828,0,15804,148,137,4
820345,-484,136,16216,152,164,-6
820847,-384,104,16208,155,148,21
821345,-680,80,16244,164,177,10
821842,-508,224,16208,149,135,14
822341,-536,40,16356,134,143,4
822839,-496,148,16152,149,141,4
823336,-528,124,16188,151,174,6
823834,-588,60,16376,158,175,-7
824332,-616,208,16312,148,134,9
824830,-576,112,16208,168,157,15
825328,-524,212,16292,151,157,5
825826,-484,156,16252,158,146,8
826323,-552,48,16248,146,144,2
826821,-556,152,16260,156,162,32
827320,-540,108,16252,151,154,3
827817,-508,120,16144,152,153,23
828315,-528,248,16128,136,113,6
828817,-744,68,16516,131,141,29
829315,-412,144,16272,144,151,-4
829812,-608,156,16268,151,128,18
830310,-352,88,16256,149,159,-11
830808,-452,96,16024,149,151,17
831306,-424,96,16184,167,163,3
831804,-648,212,16380,172,153,28
832302,-496,36,16532,158,135,16
832799,-688,76,16140,170,136,26
833297,-264,176,16404,141,145,11
833796,-628,-36,16168,143,167,5
834293,-572,24,16160,153,146,17
834791,-540,180,16036,145,159,21
835289,-556,116,16284,137,141,-18
835787,-504,148,16304,149,160,4
836288,-452,156,16248,142,164,-2
836786,-476,80,16180,147,175,-15
837284,-444,244,16348,170,152,4
837782,-568,180,16176,155,145,28
838280,-492,132,16292,152,145,30
838777,-468,88,16292,161,141,2
839275,-496,256,16128,144,153,-8
839774,-472,36,16240,137,132,8
840271,-524,72,16236,143,175,10
840769,-560,92,16248,154,160,-10
841267,-516,116,16112,154,144,4
841764,-560,132,16192,157,144,-8
842263,-548,204,16144,156,163,1
842761,-492,172,16268,152,160,16
843258,-432,60,16176,143,151,3
843760,-516,156,16148,135,159,-5
844267,-404,64,16196,144,157,1
844768,-568,140,16336,129,164,5
845265,-572,272,16288,129,148,-22
845764,-384,-24,16184,160,141,20
846262,-480,112,16252,159,138,-2
846759,-496,96,16192,128,151,9
847257,-516,100,16300,132,134,19
847755,-512,152,16268,143,170,24
848253,-444,120,16152,161,168,19
848751,-516,172,16216,145,167,11
849249,-516,172,16364,142,151,14
849746,-612,104,16280,159,145,16
850245,-656,44,16236,130,144,4
850743,-580,136,16220,161,138,15
851240,-592,140,16252,149,153,21
851742,-536,152,16164,126,137,14
852240,-492,180,16252,137,125,19
852738,-556,104,16396,159,133,7
853235,-484,56,16104,147,130,14
853733,-504,196,16504,136,153,3
854232,-528,20,16140,161,189,-8
854729,-528,28,16064,136,161,34
855227,-524,96,16200,162,137,10
855725,-664,12,16284,142,159,-3
856222,-468,144,16216,135,142,27
856721,-448,120,16312,141,159,20
857219,-612,148,16336,163,167,28
857716,-660,136,16248,142,156,12
858214,-568,276,16252,163,155,3
858712,-312,188,15936,142,167,30
859213,-600,44,16444,137,200,22
859711,-512,116,16452,143,135,9
860210,-608,8,16100,172,163,23
860707,-508,156,16316,140,164,9
861205,-616,4,16404,149,177,43
861703,-492,112,16380,145,153,-3
862200,-644,88,16280,144,160,6
862698,-356,200,16260,158,132,16
863197,-644,112,16400,155,153,13
863694,-460,132,16380,163,151,25
864192,-500,52,16360,147,163,7
864690,-500,160,16168,151,158,10
865188,-632,104,16196,143,147,-1
865686,-560,128,16056,144,157,21
866184,-508,140,16132,165,166,2
866685,-520,152,16140,136,160,26
867183,-568,72,16240,132,140,14
867681,-460,84,16148,146,135,14
868178,-544,152,16252,154,160,19
868676,-528,116,16180,143,134,21
869175,-496,180,16404,147,163,3
869672,-540,128,16204,135,159,13
870170,-480,84,16236,147,148,10
870668,-508,124,16448,124,172,24
871166,-488,80,16304,160,132,37
871664,-428,84,16308,140,165,23
872162,-456,172,16352,162,142,25
872659,-564,148,16188,165,147,17
873157,-480,280,16236,158,149,17
873656,-448,84,16320,148,143,30
874153,-404,72,16180,158,166,11
874654,-552,96,16132,164,140,2
875153,-492,208,16304,131,154,-7
875651,-544,52,16196,160,146,30
876148,-500,128,16288,152,157,36
876646,-556,80,16208,137,155,24
877144,-512,68,16348,145,149,-2
877642,-648,120,16188,159,172,10
878140,-504,64,16180,148,138,12
878638,-592,116,16224,170,140,7
879135,-436,144,16260,150,143,5
879633,-480,104,16160,161,131,10
880132,-396,132,16192,151,168,27
880629,-520,76,16224,150,155,13
881127,-584,104,16228,148,154,18
881625,-624,172,16304,143,151,-20
882126,-548,132,16428,136,162,21
882624,-600,160,16436,149,160,26
883122,-436,148,16188,146,166,40
883620,-484,144,16160,164,131,10
884118,-512,128,16292,164,157,18
884616,-512,156,16284,146,149,10
885113,-628,188,16184,168,148,20
885612,-608,108,16356,166,157,10
886110,-420,24,16224,149,156,16
886607,-472,120,16168,153,148,23
887105,-456,72,16172,161,145,8
887603,-448,180,16136,142,146,17
888101,-632,120,16192,140,157,-10
888599,-420,88,16336,167,160,6
889097,-576,196,16320,152,168,4
889598,-388,104,16332,144,146,-9
890096,-508,112,16268,143,160,-24
890594,-472,80,16320,133,156,1
891091,-484,108,16288,144,151,8
891590,-420,220,16316,153,149,3
892088,-504,108,16188,161,162,16
892585,-380,188,16284,152,144,2
893083,-404,112,16304,148,161,7
893581,-516,64,16116,127,144,1
894080,-584,128,16396,166,144,-1
894577,-468,72,16212,145,169,34
895075,-444,180,16232,154,139,17
895572,-440,120,16220,169,148,26
896070,-576,96,16204,152,166,4
896569,-496,192,16176,163,144,7
897067,-484,112,16240,147,156,9
897567,-508,88,16272,143,164,14
898066,-516,48,16212,148,154,0
898564,-548,208,16268,151,143,28
899061,-592,160,16332,164,134,22
899559,-504,168,16304,158,143,-1
900057,-536,212,16344,149,166,6
900555,-532,144,16144,163,152,17
901053,-540,184,16268,135,153,-4
901551,-436,108,16188,145,130,-16
902048,-516,76,16252,139,157,16
902546,-540,156,16228,167,162,21
903045,-484,136,16372,122,153,30
903542,-556,100,16344,151,141,21
904040,-516,60,16412,145,144,10
904548,-560,104,16224,162,151,-8
905052,-552,164,16140,147,143,21
905549,-596,140,16468,158,180,-2
906048,-448,156,16248,158,161,9
906546,-440,160,16296,153,152,8
907043,-520,52,16364,178,152,37
907541,-420,132,16316,151,170,3
908039,-560,156,16112,161,148,16
908537,-456,160,16224,147,139,11
909035,-572,136,16240,158,150,5
909533,-592,188,16212,165,152,19
910030,-572,180,16196,148,166,20
910528,-544,80,16248,154,158,-7
911027,-480,96,16240,154,150,26
911524,-432,156,16196,136,147,14
912022,-464,76,16288,150,154,14
912524,-588,120,16292,139,154,2
913021,-532,152,16332,153,147,15
913519,-588,132,16176,152,150,12
914017,-532,124,16304,141,184,17
914515,-596,160,16260,140,139,12
915013,-536,64,16328,144,150,7
915511,-576,132,16312,139,161,9
916008,-396,164,16208,155,155,14
916506,-460,152,16312,167,137,-6
917005,-548,144,16252,143,155,-4
917502,-444,212,16156,163,156,24
918000,-464,144,16352,152,149,28
918498,-440,204,16312,139,160,24
918995,-560,44,16164,132,153,22
919494,-540,132,16156,162,166,19
919995,-512,84,16064,148,142,-4
920493,-488,108,16188,162,153,32
920991,-512,88,16176,149,153,-12
921489,-512,168,16296,139,160,8
921987,-556,40,16360,153,158,19
922484,-556,136,16320,158,155,-2
922983,-524,52,16264,141,138,9
923481,-356,124,16332,142,161,3
923978,-548,128,16180,153,139,9
924476,-520,104,16236,153,137,8
924974,-492,224,16284,137,173,25
925472,-496,88,16276,148,161,20
925970,-296,72,16268,148,132,3
926468,-560,136,16272,154,140,1
926965,-448,112,16232,140,153,21
927463,-600,88,16312,147,139,29
927965,-456,136,16248,154,157,-3
928462,-516,104,16244,158,162,11
928960,-416,84,16432,133,153,14
929459,-556,80,16384,132,170,-11
929956,-548,176,16420,132,172,-11
930454,-568,56,16276,142,135,6
930952,-544,36,16272,138,126,3
931449,-612,60,16128,153,136,-3
931948,-448,128,16252,152,165,42
932446,-500,104,16204,156,135,17
932943,-568,124,16460,157,161,27
933441,-472,108,16160,146,141,7
933939,-604,72,16172,172,164,0
934437,-544,56,16308,151,151,26
934935,-648,108,16360,130,162,-7
935436,-408,68,16252,134,148,-13
935934,-564,80,16192,150,145,12
936432,-464,124,16308,147,166,13
936930,-496,68,16200,150,155,27
937427,-480,120,16364,162,152,-17
937926,-668,84,16256,136,163,31
938424,-560,64,16296,168,161,4
938921,-532,32,16220,140,171,19
939419,-484,72,16352,159,168,0
939917,-416,80,16096,160,174,20
940416,-596,68,16060,131,151,18
940913,-508,84,16144,137,157,-7
941411,-540,136,16172,175,140,6
941908,-352,160,16360,171,158,11
942406,-592,108,16352,142,147,25
942908,-428,124,16176,148,155,15
943406,-536,104,16196,147,144,13
943903,-536,20,16352,154,162,12
944402,-556,76,16292,145,165,1
944900,-480,148,16244,155,150,12
945397,-592,76,16264,155,133,-11
945895,-560,188,16328,145,159,17
946394,-512,112,16112,161,131,10
946891,-564,144,16088,131,156,5
947389,-380,188,16204,155,160,17
947887,-480,136,16248,143,145,13
948384,-440,80,16164,134,157,50
948883,-516,124,16168,156,153,22
949381,-520,168,16340,159,154,15
949878,-500,112,16264,149,153,25
950376,-484,96,16232,146,159,-8
950878,-624,104,16248,157,148,25
951375,-396,24,16092,154,160,7
951873,-396,44,16296,139,155,25
952371,-536,152,16368,145,149,20
952869,-544,108,16160,130,155,27
953367,-484,88,16164,144,150,15
953865,-544,28,16332,144,165,8
954362,-484,108,16172,163,152,11
954861,-552,128,16184,152,157,15
955359,-520,40,16304,165,152,-4
955856,-484,104,16200,145,173,14
956354,-520,68,16176,139,156,-5
956852,-464,96,16204,171,159,10
957350,-556,76,16276,140,160,13
957848,-464,172,16344,162,135,14
958349,-428,28,16296,158,141,19
958848,-432,160,16224,142,153,13
959345,-564,160,16176,152,126,25
959843,-520,88,16284,155,156,9
960340,-452,180,16216,152,155,17
960838,-644,164,16364,148,180,29
961337,-576,172,16100,158,155,7
961835,-336,72,16136,155,143,12
962332,-564,140,16272,146,173,17
962830,-564,72,16256,141,149,8
963328,-564,52,16304,162,163,28
963826,-488,116,16336,157,152,16
964324,-500,180,16256,169,136,10
964832,-568,156,16260,152,137,10
965331,-476,128,16264,130,146,10
965833,-452,180,16280,137,144,-11
966331,-580,160,16248,150,143,30
966830,-476,116,16188,156,131,22
967327,-588,168,16316,139,154,21
967825,-456,204,16316,160,167,17
968323,-512,128,16172,140,136,6
968820,-484,136,16120,150,148,11
969319,-548,192,16320,155,150,8
969817,-360,12,16268,172,155,14
970314,-616,168,16184,151,159,40
970812,-604,108,16228,141,135,19
971310,-520,88,16172,156,153,31
971808,-564,108,16228,139,151,7
972306,-540,124,16092,139,165,29
972804,-532,156,16228,141,135,10
973305,-400,204,16276,154,157,42
973803,-528,136,16264,159,126,20
974301,-556,92,16176,140,150,4
974798,-472,88,16220,137,133,28
975297,-544,164,16216,148,136,-2
975795,-472,32,16192,107,136,21
976292,-460,168,16268,140,163,24
976790,-556,192,16120,127,162,7
977288,-432,100,16328,154,162,13
977786,-476,76,16336,153,169,26
978284,-512,80,16248,165,151,4
978782,-472,176,16316,136,149,6
979279,-532,128,16096,154,154,24
979777,-568,164,16352,145,151,23
980276,-520,200,16280,160,147,10
980773,-572,156,16192,163,158,-2
981288,-548,88,16304,138,164,-5
981786,-568,88,16316,161,158,-2
982284,-444,144,16340,148,163,14
982782,-620,124,16228,142,136,33
983280,-548,100,16228,150,160,32
983778,-588,88,16312,165,148,7
984275,-580,120,16296,143,149,16
984773,-436,96,16092,132,150,-5
985272,-600,180,16336,144,143,-3
985769,-484,104,16252,151,143,9
986267,-452,168,16140,155,142,15
986765,-576,156,16268,158,155,9
987262,-572,84,16208,150,158,11
987761,-512,216,16248,139,133,28
988259,-540,164,16248,145,134,45
988761,-460,140,16176,150,137,-9
989258,-492,188,16280,140,135,50
989756,-548,72,16308,154,156,28
990254,-460,140,16304,144,138,0
990752,-644,204,16296,155,148,18
991250,-568,36,16136,150,150,21
991748,-512,188,16272,144,157,10
992245,-460,132,16204,163,156,-5
992743,-608,172,16492,153,146,6
993242,-408,204,16204,146,172,-1
993739,-668,136,16404,140,159,3
994237,-484,116,16252,157,156,-10
994735,-404,152,16280,141,147,15
995233,-604,212,16216,160,162,16
995731,-592,148,16240,152,144,35
996232,-536,212,16220,141,140,36
996730,-580,180,16196,167,160,34
997228,-440,140,16308,157,146,23
997726,-504,160,16272,151,179,2
998223,-452,156,16336,147,152,29
998721,-476,220,16104,147,154,29
999220,-652,92,16228,139,143,-17
999717,-472,36,16252,161,151,12
1000215,-432,112,16244,142,173,15
1000713,-648,104,16288,131,147,32
1001211,-416,80,16316,165,149,20
1001709,-560,12,16324,151,165,4
1002207,-520,188,16180,161,163,10
1002704,-564,184,16292,158,157,13
1003203,-480,164,16320,123,167,11
1003704,-576,76,16236,152,147,19
1004201,-404,108,16192,152,169,11
1004700,-564,164,16336,149,158,8
1005198,-552,140,16336,124,184,8
1005696,-448,116,16144,160,148,8
1006193,-576,128,16248,153,147,27
1006692,-460,124,16404,136,161,12
1007190,-444,100,16292,149,138,11
1007687,-532,8,16264,150,163,26
1008185,-624,144,16328,150,149,18
1008684,-444,80,16356,150,152,10
1009181,-560,80,16216,145,169,11
1009679,-428,144,16240,157,157,-17
1010177,-440,232,16280,160,156,20
1010674,-588,92,16488,156,153,32
1011176,-408,60,16188,149,146,26
1011674,-604,172,16296,145,127,29
1012172,-456,60,16236,145,164,9
1012670,-584,88,16220,158,158,10
1013168,-556,128,16204,164,147,28
1013665,-568,172,16220,152,160,16
1014164,-488,76,16276,134,143,35
1014662,-560,120,16184,158,155,7
1015159,-544,160,16136,139,150,24
1015657,-564,68,16264,161,128,27
1016155,-572,144,16384,165,163,32
1016653,-588,156,16236,171,153,4
1017151,-616,152,16276,155,164,20
1017649,-592,168,16332,154,153,31
1018146,-568,128,16192,148,135,27
1018648,-676,100,16112,146,148,10
1019146,-520,108,16268,161,143,4
1019644,-536,64,16288,151,167,6
1020142,-524,176,16192,140,139,-9
1020640,-476,132,16216,148,164,16
1021137,-480,76,16372,152,161,26
1021635,-544,60,16352,127,152,5
1022134,-424,120,16236,146,155,10
1022631,-508,112,16288,122,175,20
1023129,-580,-20,16300,152,167,17
1023627,-584,140,16220,147,139,22
1024125,-484,160,16360,135,156,23
1024623,-544,92,16192,152,156,31
1025131,-516,88,16376,144,150,46
1025631,-564,100,16356,146,162,19
1026132,-540,84,16280,145,154,30
1026630,-532,128,16120,136,165,21
1027129,-656,172,16136,151,155,11
1027627,-424,128,16380,141,153,12
1028124,-584,80,16268,149,136,8
1028622,-368,164,16184,123,147,10
1029121,-520,156,16196,162,131,-4
1029618,-608,120,16200,143,158,12
1030116,-512,152,16304,152,159,20
1030614,-528,136,16348,152,168,5
1031111,-548,72,16212,153,166,10
1031610,-536,196,16132,147,146,15
1032108,-372,128,16268,158,142,23
1032605,-560,76,16244,151,153,18
1033103,-456,80,16352,128,137,30
1033605,-520,116,16340,132,160,26
1034102,-488,112,16300,130,141,20
1034601,-604,60,16196,154,157,12
1035099,-536,88,15976,164,153,34
1035596,-588,136,16304,145,153,16
1036094,-504,172,16264,158,152,6
1036592,-396,164,16216,153,137,14
1037090,-564,140,16236,169,131,34
1037588,-520,124,16308,129,166,5
1038086,-476,148,16196,167,161,26
1038583,-564,100,16252,149,162,2
1039082,-552,128,16332,130,151,30
1039580,-544,148,16148,157,143,-8
1040077,-468,128,16220,142,158,4
1040579,-580,168,16296,140,153,13
1041077,-608,196,16268,147,121,30
1041574,-420,84,16324,125,166,13
1042073,-568,124,16428,154,157,-11
1042571,-564,84,16184,161,172,-2
1043068,-476,252,16272,138,157,11
1043566,-500,164,16244,164,148,16
1044064,-584,176,16108,166,145,21
1044562,-544,80,16248,141,144,13
1045060,-548,120,16280,163,169,9
1045558,-584,124,16168,149,137,14
1046055,-596,60,16176,150,147,31
1046554,-520,48,16252,151,147,27
1047052,-440,216,16416,142,150,25
1047549,-592,120,16236,155,151,15
1048051,-484,36,16312,146,173,37
1048549,-488,180,16200,149,134,1
1049047,-660,40,16292,136,153,-2
1049544,-468,72,16252,141,176,28
1050043,-448,128,16332,151,131,0
1050541,-592,180,16168,147,157,8
1051038,-588,92,16344,156,140,0
1051536,-644,120,16396,143,162,17
1052035,-456,92,16248,149,142,11
1052532,-508,204,16220,138,178,16
1053030,-568,48,16292,140,153,-12
1053528,-520,72,16316,152,141,14
1054025,-480,164,16292,136,141,34
1054524,-500,140,16324,138,157,-4
1055022,-620,124,16204,146,164,37
1055523,-504,116,16236,151,162,22
1056021,-492,116,16212,150,164,12
1056519,-636,136,16332,138,158,6
1057016,-692,136,16272,160,136,-1
1057515,-552,108,16272,155,139,11
1058013,-528,196,16232,151,170,17
1058510,-556,96,16260,143,159,19
1059008,-532,76,16248,161,167,13
1059507,-496,164,16188,148,160,33
1060004,-456,164,16284,154,162,7
1060502,-564,-16,16108,148,177,-5
1061000,-524,4,16212,142,169,10
1061497,-528,56,16304,161,153,-2
1061996,-532,152,16192,140,149,9
1062494,-460,148,16188,139,134,-13
1062995,-484,8,16312,156,171,39
1063493,-460,172,16252,129,155,-10
1063991,-508,116,16340,137,151,14
1064488,-572,64,16216,143,144,-1
1064986,-508,136,16208,143,161,23
1065485,-432,112,16184,144,176,22
1065982,-436,76,16308,147,154,8
1066480,-516,184,16316,146,164,9
1066978,-528,60,16120,146,166,-4
1067476,-576,104,16380,130,153,10
1067974,-468,136,16320,153,147,1
1068472,-468,64,16220,154,149,5
1068969,-548,248,16312,143,164,1
1069467,-524,68,16104,157,145,-9
1069966,-528,168,16208,154,148,8
1070467,-560,140,16180,145,157,0
1070965,-480,104,16320,163,166,2
1071463,-528,8,16196,145,151,28
1071961,-508,52,16152,143,163,6
1072458,-500,80,16336,120,151,17
1072956,-548,56,16272,151,160,3
1073455,-488,180,16296,139,165,-3
1073952,-544,200,16212,150,147,15
1074450,-540,132,16228,166,142,16
1074948,-548,152,16400,157,136,31
1075446,-548,40,16288,150,151,14
1075944,-520,160,16152,155,156,11
1076442,-564,176,16304,153,158,10
1076939,-580,176,16356,160,157,4
1077438,-464,84,16196,156,149,14
1077939,-588,196,16328,136,135,-6
1078436,-608,140,16296,158,144,14
1078935,-536,92,16180,139,145,19
1079433,-408,72,16364,148,177,1
1079930,-492,136,16324,147,159,34
1080428,-416,188,16152,158,163,7
1080926,-484,116,16324,152,159,22
1081424,-568,88,16416,142,149,7
1081922,-576,132,16304,171,142,8
1082420,-496,152,16308,126,158,37
1082917,-576,176,16248,136,127,18
1083416,-456,248,16296,153,142,11
1083914,-528,56,16176,142,150,13
1084411,-672,108,16236,163,168,32
1084909,-556,88,16332,157,151,9
1085509,-448,96,16164,158,163,5
1086009,-508,132,16244,138,147,18
1086508,-448,36,16220,134,179,21
1087005,-508,32,16284,162,164,2
1087503,-584,148,16192,126,153,21
1088001,-576,132,16164,139,160,14
1088499,-468,148,16208,149,153,5
1088997,-468,88,16312,151,151,18
1089495,-512,92,16248,150,143,2
1089992,-588,232,16228,151,158,-5
1090490,-384,72,16216,149,147,0
1090989,-524,188,16192,148,157,13
1091486,-504,212,16208,129,134,11
1091984,-504,136,16364,155,145,15
1092482,-520,56,16200,149,150,18
1092983,-388,96,16252,161,188,14
1093481,-468,52,16288,171,141,30
1093979,-608,88,16336,154,138,19
1094477,-436,112,16176,154,139,13
1094975,-588,120,16164,139,137,8
1095473,-504,88,16400,132,154,19
1095970,-476,108,16228,161,179,11
1096469,-328,192,16248,158,140,13
1096967,-492,176,16344,142,164,4
1097464,-584,144,16156,153,144,32
1097962,-616,152,16240,158,170,37
1098460,-500,144,16172,144,154,28
1098958,-448,96,16244,132,132,6
1099456,-492,88,16240,166,154,31
1099954,-420,196,16192,141,166,-9
1100455,-564,76,16116,159,138,19
1100953,-544,156,16332,154,157,-16
1101451,-564,136,16172,158,142,-13
1101949,-568,140,16188,147,158,-4
1102447,-472,92,16244,152,143,17
1102945,-448,80,16264,139,141,11
1103442,-484,108,16388,140,157,15
1103941,-540,-8,16040,127,148,29
1104439,-532,96,16324,156,161,20
1104936,-660,72,16300,143,146,9
1105434,-472,172,16192,146,137,13
1105932,-504,176,16304,168,140,27
1106430,-476,120,16256,157,140,-21
1106928,-532,76,16276,152,147,26
1107430,-472,96,16288,148,154,19
1107928,-596,96,16124,132,155,-2
1108425,-628,48,16132,163,130,17
1108923,-520,80,16348,141,154,30
1109421,-564,72,16324,142,169,30
1109919,-484,180,16212,120,173,14
1110417,-512,148,16260,154,145,-7
1110915,-564,132,16260,134,142,11
1111412,-576,140,16244,154,148,-3
1111911,-608,132,16184,149,154,16
1112409,-540,92,16284,135,147,21
1112906,-544,56,16196,137,157,1
1113404,-488,92,16220,157,165,-4
1113902,-508,120,16128,146,142,27
1114400,-472,92,16268,144,156,7
1114901,-604,136,16368,152,157,30
1115400,-528,108,16204,151,150,12
1115897,-596,92,16204,158,152,43
1116395,-584,96,16200,151,141,2
1116893,-592,52,16240,168,156,28
1117390,-488,128,16156,157,157,33
1117889,-496,124,16276,138,148,18
1118387,-500,116,16228,139,128,10
1118884,-544,104,16252,144,144,2
1119382,-644,120,16212,150,166,11
1119881,-604,104,16304,168,181,3
1120378,-520,80,16368,147,150,8
1120876,-572,108,16216,153,143,3
1121374,-368,112,16264,147,157,1
1121872,-536,136,16352,158,153,12
1122373,-520,96,16272,144,171,9
1122871,-632,148,16156,152,144,15
1123369,-500,124,16180,146,159,28
1123867,-544,32,16260,119,165,35
1124365,-412,204,16192,129,152,-5
1124862,-420,84,16400,140,154,42
1125361,-544,144,16400,152,167,29
1125859,-532,92,16268,165,153,25
1126356,-552,196,16248,134,135,3
1126854,-372,68,16308,156,153,6
1127353,-456,44,16236,145,117,12
1127851,-500,120,16192,157,150,30
1128348,-568,44,16252,156,143,8
1128846,-660,100,16380,152,146,-7
1129344,-632,120,16404,144,170,15
1129845,-472,152,16280,169,174,0
1130343,-512,164,16364,172,162,12
1130842,-536,116,16316,147,159,23
1131339,-500,24,16172,141,155,30
1131837,-552,144,16292,164,152,10
1132335,-452,228,16176,153,146,-5
1132833,-500,104,16300,140,169,24
1133331,-508,96,16324,160,167,8
1133829,-512,152,16240,139,153,7
1134326,-608,72,16244,156,145,36
1134824,-604,208,16276,129,157,10
1135323,-596,192,16304,171,147,8
1135820,-508,56,16316,142,159,16
1136318,-408,92,16248,166,155,17
1136816,-476,92,16084,136,162,11
1137317,-540,128,16312,163,147,-5
1137815,-628,136,16136,126,166,-1
1138313,-540,100,16192,161,135,9
1138811,-516,196,16296,163,157,23
1139309,-464,160,16216,128,139,45
1139807,-620,160,16396,142,150,23
1140304,-436,140,16172,156,148,-27
1140803,-596,68,16252,164,148,20
1141301,-472,28,16276,150,152,-9
1141798,-488,268,16308,130,147,20
1142296,-408,60,16372,151,160,12
1142795,-612,164,16188,162,154,40
1143292,-420,132,16224,160,153,13
1143790,-512,76,16408,163,166,16
1144288,-500,120,16324,133,139,48
1144790,-448,48,16208,133,175,3
1145287,-444,104,16204,139,141,11
1145795,-536,116,16296,133,126,28
1146295,-484,92,16164,153,157,14
1146793,-448,92,16208,150,152,-9
1147291,-472,164,16212,147,159,41
1147789,-404,44,16252,154,164,17
1148286,-512,164,16192,150,141,8
1148785,-512,144,16276,168,160,11
1149283,-512,96,16260,168,144,12
1149780,-564,64,16388,151,139,30
1150278,-508,96,16348,162,167,-7
1150776,-504,100,16308,154,149,32
1151275,-512,140,16240,145,129,24
1151772,-564,196,16256,165,145,18
1152274,-520,96,16272,154,142,12
1152772,-528,8,16136,143,149,-7
1153269,-492,108,16268,154,153,21
1153767,-412,68,16264,149,144,8
1154265,-408,80,16312,141,137,6
1154763,-608,92,16272,156,162,0
1155261,-568,20,16348,150,140,29
1155759,-568,96,16280,136,166,-8
1156256,-624,132,16280,127,132,2
1156754,-476,124,16292,167,140,-4
1157253,-496,100,16188,172,159,29
1157750,-420,120,16208,141,142,12
1158248,-592,120,16380,134,141,34
1158746,-500,84,16288,147,154,9
1159244,-528,28,16260,148,159,22
1159745,-488,196,16144,145,158,34
1160244,-468,72,16252,154,172,5
1160741,-520,168,16184,163,165,-11
1161239,-532,124,16348,132,152,-4
1161737,-540,172,16228,148,161,1
1162234,-476,152,16436,159,147,2
1162733,-460,80,16292,145,164,26
1163231,-532,80,16252,147,154,20
1163728,-488,92,16376,156,170,-9
1164226,-456,196,16196,173,154,24
1164725,-560,96,16200,138,156,24
1165222,-432,100,16276,179,137,10
1165720,-524,108,16276,145,156,9
1166218,-408,80,16376,142,172,-2
1166715,-624,108,16172,151,163,9
1167217,-632,256,16248,137,158,10
1167715,-440,88,16216,170,159,2
1168214,-516,136,16260,155,140,19
1168711,-508,144,16216,144,156,10
1169209,-456,72,16224,143,155,36
1169707,-424,176,16420,126,158,13
1170205,-344,152,16216,171,134,14
1170703,-572,180,16164,149,133,4
1171201,-532,52,16220,151,151,31
1171698,-660,40,16300,153,165,12
1172196,-508,52,16196,164,141,39
1172695,-628,108,16224,148,163,18
1173192,-476,148,16220,160,160,2
1173690,-464,60,16172,162,164,14
1174188,-472,152,16224,149,167,8
1174689,-572,104,16232,158,176,15
1175187,-536,104,16248,130,167,47
1175686,-540,80,16212,148,174,10
1176183,-424,92,16192,144,162,14
1176681,-520,144,16372,133,163,18
1177179,-516,24,16324,145,165,22
1177676,-532,128,16288,132,161,4
1178175,-476,156,16380,151,151,10
1178673,-516,120,16240,138,136,42
1179170,-696,76,16452,159,135,14
1179668,-520,120,16240,155,151,10
1180167,-584,116,16232,156,147,6
1180664,-412,132,16264,150,172,27
1181162,-524,104,16288,164,167,-2
1181664,-560,112,16348,157,153,24
1182161,-516,128,16112,137,146,7
1182659,-512,160,16372,143,154,12
1183158,-564,68,16272,154,171,14
1183655,-476,176,16292,139,141,10
1184153,-496,132,16364,155,148,-1
1184651,-532,152,16340,131,160,14
1185148,-532,116,16300,156,140,23
1185647,-612,144,16284,146,149,18
1186145,-580,84,16208,147,164,-1
1186642,-584,80,16420,146,163,11
1187140,-496,136,16300,148,150,-6
1187639,-520,128,16252,149,177,5
1188136,-576,172,16264,143,167,2
1188634,-536,52,16160,149,149,14
1189136,-576,40,16380,150,147,28
1189634,-576,76,16164,157,151,29
1190131,-584,84,16336,162,142,-2
1190629,-444,144,16284,159,130,27
1191128,-440,112,16276,154,159,-1
1191625,-516,156,16176,144,170,16
1192123,-476,100,16376,137,135,-11
1192621,-500,176,16196,156,161,18
1193119,-448,68,16236,151,136,19
1193617,-548,124,16292,140,138,7
1194115,-560,108,16360,148,149,2
1194612,-436,88,16248,151,155,-19
1195111,-488,48,16364,161,159,22
1195609,-520,112,16276,166,148,24
1196106,-444,120,16436,145,153,21
1196612,-488,136,16376,149,160,13
1197110,-556,68,16320,143,148,23
1197608,-492,156,16204,175,167,26
1198106,-600,140,16140,158,146,40
1198604,-668,156,16228,154,166,12
1199101,-500,192,16352,143,144,5
1199599,-456,84,16288,147,144,-3
1200098,-452,128,16248,154,149,15
1200595,-516,180,16200,146,147,16
1201093,-376,140,16304,154,153,16
1201591,-440,96,16188,150,124,4
1202089,-632,104,16328,134,166,4
1202587,-492,56,16296,120,168,25
1203085,-548,160,16336,155,175,44
1203582,-572,144,16296,139,174,-20
1204085,-520,164,16196,128,134,3
1204583,-444,148,16256,143,151,23
1205081,-564,136,16368,143,151,6
1205578,-424,80,16324,147,170,-6
1206086,-544,112,16192,153,138,-3
1206587,-532,184,16244,154,152,40
1207085,-456,160,16324,150,145,-12
1207582,-440,148,16136,145,151,1
1208081,-420,120,16348,150,138,30
1208579,-548,192,16292,161,147,-8
1209076,-424,196,16228,147,148,-1
1209574,-604,116,16240,148,147,30
1210073,-592,68,16288,150,152,21
1210570,-500,76,16312,144,141,9
1211068,-508,124,16188,154,152,12
1211570,-480,196,16124,151,149,1
1212067,-520,120,16200,157,153,17
1212565,-568,152,16356,147,145,20
1213063,-548,116,16312,143,139,45
1213561,-616,72,16356,136,162,35
1214059,-532,140,16240,135,159,6
1214557,-520,84,16328,162,143,15
1215054,-472,156,16292,152,171,34
1215553,-404,124,16248,138,141,2
1216051,-544,48,16196,151,137,29
1216548,-448,172,16304,132,147,1
1217046,-508,100,16240,156,148,38
1217544,-596,204,16216,146,150,0
1218042,-624,140,16316,134,160,22
1218540,-660,108,16312,149,149,11
1219042,-520,208,16284,152,149,20
1219539,-456,60,16236,157,168,31
1220037,-628,108,16316,148,127,10
1220535,-512,76,16316,151,144,8
1221032,-576,80,16260,132,136,3
1221531,-556,100,16284,150,152,16
1222029,-572,88,16276,132,165,-4
1222526,-528,128,16288,161,173,39
1223024,-464,156,16208,151,141,0
1223523,-564,160,16392,150,151,38
1224020,-604,100,16160,133,143,20
1224518,-464,104,16324,134,151,15
1225016,-476,128,16336,152,161,23
1225515,-508,148,16296,149,135,35
1226015,-528,60,16268,147,128,30
1226513,-468,172,16336,136,157,32
1227012,-572,172,16340,159,154,30
1227509,-468,152,16204,154,142,32
1228007,-468,84,16356,159,143,10
1228505,-444,44,16288,142,155,33
1229003,-444,52,16348,146,129,15
1229501,-568,208,16364,148,162,28
1229999,-508,112,16344,155,154,22
1230496,-588,188,16312,152,166,31
1230995,-548,140,16304,147,177,-9
1231493,-540,128,16304,137,147,16
1231990,-516,32,16272,139,152,15
1232488,-408,72,16100,141,140,3
1232987,-528,96,16348,161,168,16
1233487,-444,208,16244,159,156,11
1233985,-532,76,16264,181,174,30
1234484,-512,188,16216,140,144,0
1234981,-612,164,16384,160,148,20
1235479,-548,208,16432,160,166,8
1235977,-532,24,16208,136,147,4
1236475,-532,84,16292,156,148,17
1236973,-524,212,16248,162,162,12
1237471,-260,316,16296,186,169,60
